Crop_Type,Region,Soil_Type,Soil_pH,Nitrogen_Level,Phosphorus_Level,Potassium_Level,Organic_Carbon,Moisture_Content,Rainfall_mm,Temperature_C,Plant_Age_Weeks,Fertilizer_Type,Recommended_Quantity_kg_per_acre,Application_Timing
Sugarcane,Gujarat,Peaty,7.2,145.76,30.48,105.84,1.46,39.95,1188.12,27.54,9,Compost,115.48,Before sowing
Soybean,Maharashtra,Clay,7.16,130.26,52.28,102.81,1.25,35.01,711.4,31.23,4,Mixed,126.51,Pre-harvest
Tomato,Gujarat,Silty,7.15,161.68,50.63,147.63,1.57,34.9,646.47,23.43,11,Compost,154.9,After sowing
Millet,Gujarat,Peaty,6.07,145.0,37.2,130.67,1.08,23.25,543.84,22.59,8,Potash,172.43,After sowing
Cotton,Tamil Nadu,Loamy,6.9,139.17,48.21,119.84,1.01,22.16,665.15,32.58,17,Potash,156.58,Pre-harvest
Sugarcane,Maharashtra,Sandy,5.96,137.0,31.25,146.89,1.63,28.31,1134.73,33.27,19,Compost,152.98,After sowing
Potato,Maharashtra,Sandy,6.78,158.72,57.78,113.31,1.79,26.03,910.81,25.8,14,Compost,121.88,Pre-harvest
Rice,Maharashtra,Peaty,6.4,149.38,55.84,151.59,1.46,37.27,1374.86,28.58,14,Compost,97.02,Pre-harvest
Soybean,Tamil Nadu,Silty,6.51,140.86,53.18,130.1,1.12,27.89,747.37,25.95,17,Urea,99.45,Before sowing
Cotton,Andhra Pradesh,Silty,7.27,160.33,46.37,103.22,1.2,32.2,646.33,24.24,8,Urea,151.3,After sowing
Sugarcane,Gujarat,Sandy,6.87,139.86,52.24,102.67,1.13,38.92,1184.73,25.54,17,Mixed,142.23,Pre-harvest
Potato,Gujarat,Silty,5.81,143.99,39.82,131.33,1.52,31.65,688.91,22.7,14,Compost,143.57,Before sowing
Potato,Karnataka,Clay,6.38,142.72,58.73,159.52,1.73,30.47,928.52,18.49,12,Compost,131.83,Before sowing
Soybean,Gujarat,Peaty,6.35,144.56,39.57,136.29,1.12,29.11,625.22,24.73,18,Potash,196.28,After sowing
Millet,Tamil Nadu,Clay,6.03,139.47,30.91,135.46,1.02,27.22,421.24,22.76,19,Potash,187.61,After sowing
Rice,Karnataka,Silty,6.23,178.86,58.18,129.93,1.52,37.6,863.12,31.16,19,Compost,135.26,After sowing
Rice,Andhra Pradesh,Clay,7.33,142.53,56.59,138.41,1.39,36.79,1397.7,29.74,18,Potash,107.86,Mid growth
Groundnut,Karnataka,Peaty,6.3,164.06,54.59,93.84,1.04,28.45,765.88,29.03,15,Potash,115.92,Mid growth
Maize,Karnataka,Peaty,7.11,101.6,41.22,95.53,1.0,23.12,735.41,25.65,18,Urea,158.91,After sowing
Soybean,Andhra Pradesh,Peaty,6.78,152.81,38.75,147.93,1.38,20.07,610.34,24.17,4,DAP,86.11,Pre-harvest
Cotton,Karnataka,Silty,6.02,127.71,51.38,98.59,1.3,37.45,722.89,31.97,16,Potash,119.06,Mid growth
Sugarcane,Andhra Pradesh,Silty,6.01,162.31,35.46,120.85,1.28,21.38,945.14,28.92,14,Mixed,181.92,Before sowing
Soybean,Maharashtra,Loamy,5.84,122.08,43.94,104.09,1.14,27.76,828.85,26.09,5,Urea,93.99,After sowing
Wheat,Andhra Pradesh,Silty,6.21,109.26,31.88,95.21,0.82,35.44,405.52,21.6,18,Urea,113.63,Pre-harvest
Tomato,Gujarat,Clay,7.03,134.73,52.91,145.74,1.59,34.99,996.41,21.36,20,Compost,179.14,After sowing
Soybean,Karnataka,Peaty,6.16,129.02,47.83,138.19,1.53,39.09,675.79,27.81,5,Compost,157.22,After sowing
Rice,Andhra Pradesh,Loamy,6.11,138.28,49.62,103.03,1.57,20.25,955.96,27.55,9,Compost,111.86,Pre-harvest
Tomato,Gujarat,Peaty,6.85,154.31,62.47,155.36,1.54,37.51,692.95,22.92,18,Compost,173.38,Before sowing
Potato,Karnataka,Silty,6.41,158.52,36.31,110.62,1.49,25.09,670.28,23.51,8,Compost,129.1,After sowing
Rice,Karnataka,Silty,5.84,143.31,31.83,156.2,1.36,29.42,1402.25,30.3,19,Urea,129.17,Mid growth
Groundnut,Maharashtra,Peaty,6.38,118.3,32.73,133.82,1.11,28.73,818.84,24.59,6,Urea,192.86,Pre-harvest
Groundnut,Karnataka,Loamy,6.71,165.38,30.54,135.2,1.22,34.18,658.28,24.25,18,Compost,129.45,Before sowing
Rice,Karnataka,Clay,7.35,151.59,50.53,156.63,1.06,29.63,1000.56,27.9,7,Urea,175.65,Mid growth
Maize,Karnataka,Clay,6.9,142.72,25.36,84.62,1.32,32.83,745.84,23.19,8,DAP,148.76,Pre-harvest
Soybean,Tamil Nadu,Silty,5.97,151.77,40.75,95.46,1.23,29.24,527.64,30.55,19,Potash,189.74,Mid growth
Sugarcane,Tamil Nadu,Loamy,6.75,179.51,51.38,139.26,1.3,28.43,878.05,30.92,15,Compost,103.7,Mid growth
Cotton,Tamil Nadu,Peaty,6.15,168.65,40.58,143.18,1.36,37.98,722.23,32.21,4,Mixed,93.16,Before sowing
Maize,Tamil Nadu,Silty,6.24,110.4,36.88,87.8,1.33,33.25,767.95,27.13,12,Urea,195.34,Mid growth
Rice,Tamil Nadu,Clay,5.87,175.64,30.85,136.0,1.56,39.27,1359.76,27.39,4,Compost,97.81,Pre-harvest
Cotton,Gujarat,Sandy,6.21,141.14,47.54,120.46,1.04,20.44,829.65,27.13,19,Potash,132.99,Mid growth
Wheat,Gujarat,Silty,6.81,118.31,48.42,130.44,0.88,28.15,728.05,29.88,7,Urea,154.35,After sowing
Cotton,Gujarat,Loamy,5.96,117.62,36.32,134.12,1.4,25.3,540.1,26.46,19,Urea,88.62,Before sowing
Potato,Maharashtra,Sandy,6.38,154.81,42.2,112.46,1.55,31.6,938.49,22.05,18,Compost,151.36,Pre-harvest
Soybean,Tamil Nadu,Sandy,7.31,138.92,48.91,90.54,1.18,36.36,626.02,30.92,14,Potash,166.6,After sowing
Millet,Maharashtra,Silty,6.84,125.13,49.15,116.75,1.48,37.3,438.81,29.21,18,DAP,108.51,Pre-harvest
Cotton,Maharashtra,Clay,6.59,144.52,51.66,128.59,1.38,39.39,548.56,26.92,4,DAP,191.87,Mid growth
Potato,Maharashtra,Loamy,6.53,178.1,46.14,144.76,1.78,21.7,719.24,22.24,8,Compost,191.33,Mid growth
Sugarcane,Karnataka,Loamy,6.78,124.81,30.38,141.44,1.77,27.12,1259.84,26.01,12,Compost,158.02,Before sowing
Sugarcane,Maharashtra,Sandy,7.18,134.59,43.95,115.42,1.06,30.09,1469.76,31.21,19,Compost,84.0,After sowing
Soybean,Karnataka,Sandy,7.32,114.79,51.26,115.12,1.34,35.19,713.3,25.21,13,Urea,115.21,Before sowing
Wheat,Gujarat,Clay,6.96,148.18,28.55,134.93,1.49,22.45,563.03,24.46,12,DAP,131.53,Before sowing
Sugarcane,Maharashtra,Silty,7.01,136.35,57.97,141.97,1.7,36.98,1127.18,29.61,5,Compost,89.84,Before sowing
Tomato,Karnataka,Loamy,6.84,135.59,57.46,112.77,1.61,34.32,939.39,23.36,14,Compost,166.52,After sowing
Cotton,Andhra Pradesh,Loamy,5.84,111.01,44.93,134.05,1.03,24.3,667.02,26.36,15,Urea,158.76,After sowing
Millet,Maharashtra,Clay,6.48,129.68,32.46,85.57,1.42,26.65,520.36,24.86,20,Potash,152.11,Pre-harvest
Rice,Karnataka,Silty,6.18,168.71,32.33,134.51,1.42,21.25,964.42,26.21,17,Mixed,180.83,Mid growth
Maize,Gujarat,Loamy,6.2,137.4,31.45,110.81,1.33,21.77,663.2,27.48,10,Mixed,109.63,After sowing
Maize,Andhra Pradesh,Clay,7.42,135.15,31.46,80.44,1.09,21.78,450.28,23.38,11,Potash,161.66,Before sowing
Rice,Tamil Nadu,Loamy,6.8,121.44,43.82,143.02,1.45,34.93,1278.04,26.69,14,Urea,122.8,Mid growth
Wheat,Tamil Nadu,Loamy,7.48,127.01,27.95,112.6,1.5,37.58,755.37,23.75,18,DAP,181.71,After sowing
Rice,Gujarat,Sandy,7.49,179.15,45.04,127.44,1.69,31.48,835.27,33.71,17,Compost,91.07,Pre-harvest
Tomato,Andhra Pradesh,Sandy,6.77,145.61,52.43,136.04,1.7,20.99,951.18,18.71,6,Compost,145.65,Before sowing
Soybean,Maharashtra,Peaty,5.96,138.66,42.3,101.47,1.19,23.98,831.13,26.81,6,DAP,100.93,Pre-harvest
Sugarcane,Maharashtra,Sandy,7.38,144.7,57.79,122.2,1.31,32.33,821.07,29.87,16,Mixed,113.27,Before sowing
Potato,Tamil Nadu,Clay,7.23,180.5,37.65,139.86,1.28,21.23,742.49,20.12,19,DAP,132.07,After sowing
Millet,Gujarat,Clay,7.15,104.83,26.66,80.89,0.94,20.09,410.0,23.77,19,Urea,174.98,Before sowing
Potato,Karnataka,Sandy,7.28,188.67,61.48,159.71,1.27,30.04,902.48,19.94,4,Potash,115.12,Pre-harvest
Maize,Gujarat,Silty,7.37,127.23,49.49,132.78,1.0,31.78,722.75,27.68,5,Mixed,146.79,Mid growth
Wheat,Karnataka,Sandy,6.59,144.79,26.67,107.12,1.27,27.01,460.49,21.64,20,DAP,104.16,Before sowing
Maize,Gujarat,Loamy,6.47,112.96,32.91,84.83,1.26,24.91,458.43,28.67,18,Urea,111.4,After sowing
Sugarcane,Karnataka,Peaty,7.24,151.5,39.0,109.24,1.2,29.8,811.53,30.74,7,Urea,92.76,Pre-harvest
Groundnut,Andhra Pradesh,Loamy,5.82,164.06,47.21,144.14,1.06,27.89,833.79,30.86,14,Mixed,130.18,After sowing
Millet,Maharashtra,Loamy,7.32,143.65,38.58,80.75,1.45,23.94,540.43,20.85,9,Potash,148.89,After sowing
Wheat,Karnataka,Clay,5.81,150.43,41.21,85.61,1.0,36.47,478.42,27.86,16,Potash,186.86,Before sowing
Groundnut,Andhra Pradesh,Loamy,6.42,117.37,52.16,138.48,1.32,27.19,560.47,26.78,18,Urea,176.11,Pre-harvest
Maize,Gujarat,Clay,5.87,135.49,33.03,97.37,0.83,21.95,539.48,24.22,16,Potash,161.48,Before sowing
Cotton,Gujarat,Clay,7.32,114.4,38.5,91.94,1.15,30.73,746.38,28.77,20,Urea,125.44,Mid growth
Cotton,Tamil Nadu,Peaty,6.29,120.83,54.81,105.9,1.51,36.85,660.41,24.55,16,Compost,192.4,Pre-harvest
Sugarcane,Karnataka,Clay,7.48,138.9,41.17,124.89,1.62,26.62,1474.23,28.49,18,Compost,113.47,After sowing
Cotton,Tamil Nadu,Peaty,6.51,121.02,54.51,133.97,1.1,36.68,763.51,29.07,20,Urea,181.02,Before sowing
Sugarcane,Maharashtra,Silty,6.3,151.42,53.89,159.66,1.6,28.03,1075.58,33.7,6,Compost,162.22,Mid growth
Soybean,Tamil Nadu,Clay,7.23,161.32,41.58,122.5,1.49,36.2,674.36,24.5,8,Potash,164.23,Mid growth
Groundnut,Maharashtra,Peaty,7.32,129.45,30.91,111.34,1.33,38.34,561.29,30.51,20,Potash,96.4,Before sowing
Soybean,Tamil Nadu,Loamy,5.85,168.56,46.02,131.89,1.43,33.6,534.94,32.76,4,Potash,136.14,After sowing
Cotton,Karnataka,Clay,6.79,125.59,34.4,120.0,1.06,26.05,808.21,31.14,5,Potash,81.34,After sowing
Potato,Andhra Pradesh,Silty,6.99,170.79,44.15,146.12,1.74,33.02,721.71,20.54,15,Compost,90.65,Mid growth
Potato,Tamil Nadu,Peaty,6.13,187.7,39.78,142.9,1.26,26.63,728.75,18.52,11,Urea,190.29,After sowing
Maize,Karnataka,Peaty,6.87,129.0,31.1,113.32,1.21,27.76,419.55,29.4,16,Urea,184.32,Pre-harvest
Tomato,Maharashtra,Silty,7.09,159.53,48.66,147.13,1.71,31.29,663.18,18.26,9,Compost,122.19,Before sowing
Rice,Maharashtra,Clay,6.59,166.18,40.13,138.75,1.48,25.86,1120.05,28.81,8,Potash,155.51,Before sowing
Groundnut,Andhra Pradesh,Peaty,7.44,116.05,54.69,143.04,1.17,21.9,600.58,26.0,13,Urea,109.2,After sowing
Sugarcane,Andhra Pradesh,Peaty,5.84,158.02,57.17,136.49,1.41,37.0,1094.17,30.37,10,Potash,86.84,After sowing
Soybean,Gujarat,Peaty,6.92,149.38,34.23,116.24,1.32,36.51,591.58,24.74,8,Mixed,152.65,Mid growth
Millet,Tamil Nadu,Loamy,6.59,145.24,40.83,101.55,1.2,39.56,620.64,29.88,4,Urea,191.29,Pre-harvest
Millet,Tamil Nadu,Clay,6.83,146.69,25.08,101.0,0.98,33.1,636.15,25.49,14,DAP,90.74,Before sowing
Sugarcane,Karnataka,Loamy,5.9,157.95,49.6,139.35,1.27,26.48,993.9,30.52,11,Potash,96.78,Before sowing
Soybean,Tamil Nadu,Loamy,6.74,141.54,48.92,144.56,1.06,38.32,701.13,24.19,10,Urea,159.18,Mid growth
Maize,Tamil Nadu,Peaty,7.07,143.87,32.63,96.06,0.86,35.8,413.08,26.82,20,Potash,178.92,Mid growth
Soybean,Andhra Pradesh,Loamy,6.25,134.56,38.8,96.74,1.32,38.27,751.85,29.54,16,Potash,189.23,Before sowing
Soybean,Andhra Pradesh,Sandy,7.27,119.13,53.29,142.67,1.56,20.1,741.66,25.23,4,Urea,89.36,Pre-harvest
Sugarcane,Tamil Nadu,Clay,6.62,165.15,56.02,108.26,1.71,32.3,1029.09,31.12,14,Compost,170.2,After sowing
Millet,Karnataka,Sandy,6.07,122.06,37.39,101.38,1.43,35.4,639.47,22.72,12,Compost,177.18,Before sowing
Tomato,Maharashtra,Silty,6.86,175.54,48.92,153.99,1.3,24.09,687.01,26.24,16,Potash,128.82,Pre-harvest
Rice,Maharashtra,Sandy,6.96,156.42,58.61,114.96,1.63,20.91,1443.06,26.51,9,Compost,186.81,Mid growth
Millet,Gujarat,Clay,6.61,106.77,42.18,109.58,0.83,20.51,686.93,26.49,18,Urea,177.7,Pre-harvest
Rice,Gujarat,Silty,7.17,152.31,35.86,159.89,1.78,27.16,1187.3,25.12,9,Compost,117.0,Before sowing
Soybean,Karnataka,Peaty,7.1,127.85,34.1,114.56,1.52,35.17,685.18,27.48,7,Compost,84.91,Mid growth
Wheat,Karnataka,Loamy,6.95,147.09,49.97,92.97,1.3,24.89,755.73,28.08,19,Potash,127.12,Mid growth
Millet,Tamil Nadu,Sandy,6.58,143.09,35.31,132.8,1.11,20.78,559.94,26.78,7,Compost,171.06,After sowing
Potato,Tamil Nadu,Loamy,6.23,166.25,55.81,157.52,1.64,35.81,695.45,24.81,18,Compost,107.97,Pre-harvest
Tomato,Maharashtra,Peaty,6.25,186.91,40.19,158.7,1.61,22.0,830.64,21.9,12,Compost,154.0,Mid growth
Wheat,Tamil Nadu,Silty,6.8,135.96,41.08,124.37,0.9,23.91,719.56,24.73,11,DAP,150.36,After sowing
Soybean,Maharashtra,Peaty,5.98,158.98,33.98,143.61,1.04,20.56,819.56,24.8,12,Compost,153.03,Before sowing
Groundnut,Maharashtra,Clay,7.38,165.81,38.54,119.0,1.14,33.62,729.06,32.84,13,DAP,195.93,After sowing
Soybean,Karnataka,Peaty,6.66,162.03,41.12,141.03,1.42,39.96,809.95,26.87,11,DAP,179.64,Before sowing
Rice,Maharashtra,Loamy,6.99,144.61,43.04,135.06,1.54,34.88,1377.81,33.75,19,Compost,110.33,Pre-harvest
Soybean,Gujarat,Peaty,6.08,141.67,51.93,137.64,1.45,21.04,567.18,27.05,9,Compost,86.25,After sowing
Millet,Maharashtra,Sandy,6.12,134.6,40.34,89.93,1.27,29.22,675.1,26.1,7,Potash,116.21,Pre-harvest
Potato,Maharashtra,Peaty,6.1,151.67,52.61,154.02,1.27,32.93,916.3,21.93,6,Mixed,125.75,Mid growth
Cotton,Maharashtra,Loamy,6.07,121.47,36.45,99.65,1.2,23.45,552.64,28.76,4,Potash,136.07,Mid growth
Rice,Gujarat,Loamy,6.7,150.52,50.87,152.23,1.07,32.01,951.5,29.59,13,Potash,149.55,After sowing
Maize,Gujarat,Clay,6.22,149.65,36.99,89.5,1.4,20.26,719.43,24.73,6,Potash,139.95,Before sowing
Rice,Karnataka,Peaty,6.58,137.87,42.38,118.35,1.5,39.19,1294.01,33.28,12,Urea,126.3,Pre-harvest
Maize,Tamil Nadu,Clay,6.5,150.17,36.45,124.82,0.99,23.62,785.14,24.16,20,Mixed,143.81,Mid growth
Wheat,Gujarat,Clay,6.7,151.21,36.52,102.27,0.89,25.45,752.32,23.4,6,DAP,97.4,Pre-harvest
Maize,Maharashtra,Clay,5.9,128.99,34.95,88.54,1.16,24.33,719.58,28.57,8,Potash,163.78,After sowing
Millet,Gujarat,Peaty,6.86,128.8,48.58,128.95,1.0,24.16,525.91,26.57,15,DAP,95.8,After sowing
Tomato,Gujarat,Silty,6.98,160.28,49.0,124.25,1.62,30.57,633.18,26.09,19,Compost,137.1,Mid growth
Potato,Gujarat,Loamy,7.33,167.8,64.87,140.73,1.26,32.19,723.5,22.01,6,Compost,119.89,Pre-harvest
Wheat,Andhra Pradesh,Silty,6.14,139.52,27.24,108.36,1.38,36.16,710.1,23.13,16,DAP,93.83,Mid growth
Potato,Gujarat,Sandy,6.84,179.64,51.37,153.62,1.78,22.26,694.73,20.5,8,Compost,176.12,After sowing
Rice,Andhra Pradesh,Clay,7.4,165.5,54.92,132.63,1.39,25.24,1318.68,28.28,4,Mixed,199.16,Before sowing
Maize,Tamil Nadu,Peaty,7.04,152.02,38.7,82.1,1.18,23.74,573.58,27.4,9,Potash,131.03,Before sowing
Potato,Andhra Pradesh,Clay,6.03,184.65,52.54,137.5,1.58,28.93,917.38,24.96,12,Compost,119.19,After sowing
Groundnut,Maharashtra,Sandy,6.02,161.29,31.17,137.46,1.05,33.31,820.76,31.94,17,Potash,106.34,After sowing
Soybean,Maharashtra,Sandy,6.46,139.63,47.2,111.88,1.06,24.18,663.39,27.03,14,DAP,114.52,Pre-harvest
Cotton,Karnataka,Silty,5.82,130.83,41.99,117.8,1.33,35.33,796.92,25.05,10,Mixed,91.22,Mid growth
Wheat,Gujarat,Clay,6.32,124.65,31.68,100.46,1.27,28.35,575.0,25.38,5,DAP,111.82,Mid growth
Wheat,Tamil Nadu,Silty,6.49,147.43,28.95,83.51,1.25,33.83,564.11,22.27,5,DAP,141.99,Mid growth
Wheat,Maharashtra,Sandy,6.88,151.36,31.78,115.43,0.83,22.86,479.75,21.22,4,Mixed,121.7,Mid growth
Groundnut,Tamil Nadu,Clay,7.21,138.22,31.87,121.68,1.44,33.21,503.29,29.98,16,Urea,93.32,Before sowing
Millet,Maharashtra,Loamy,5.82,151.09,36.62,138.56,1.45,29.42,726.7,28.25,13,Potash,82.62,Pre-harvest
Maize,Gujarat,Clay,6.44,127.84,44.34,135.9,1.31,34.57,579.34,22.16,4,Potash,106.21,After sowing
Groundnut,Gujarat,Silty,6.49,135.95,31.98,113.36,1.17,32.47,644.7,24.01,13,Compost,168.08,After sowing
Tomato,Gujarat,Silty,6.18,176.45,56.65,129.6,1.29,34.98,677.31,22.27,15,Compost,97.96,Mid growth
Soybean,Andhra Pradesh,Silty,6.24,152.22,38.44,125.78,1.3,35.83,882.5,27.17,15,DAP,103.22,Pre-harvest
Cotton,Karnataka,Sandy,5.97,115.45,31.35,116.78,1.33,36.75,642.44,29.65,13,Urea,139.09,After sowing
Groundnut,Tamil Nadu,Clay,6.52,150.94,53.17,98.34,1.18,29.16,638.91,31.62,16,Potash,103.05,Pre-harvest
Cotton,Karnataka,Sandy,5.93,156.44,32.81,144.44,1.26,22.8,713.89,27.69,13,Urea,165.33,Pre-harvest
Potato,Maharashtra,Loamy,6.51,143.23,37.25,114.35,1.72,24.6,978.83,22.48,19,Compost,137.84,Mid growth
Potato,Tamil Nadu,Sandy,6.59,152.12,62.17,159.23,1.51,34.61,614.89,25.52,14,Compost,103.44,Mid growth
Wheat,Maharashtra,Peaty,6.85,100.88,29.17,137.4,1.31,31.16,720.94,25.17,15,Urea,142.63,Mid growth
Sugarcane,Karnataka,Peaty,6.52,152.39,49.86,136.73,1.62,24.94,1420.12,25.53,12,Compost,112.19,Pre-harvest
Cotton,Gujarat,Peaty,6.59,159.16,44.34,115.78,1.26,38.98,686.15,29.33,11,Urea,198.23,After sowing
Wheat,Karnataka,Clay,5.86,100.64,32.66,123.6,0.89,23.15,731.46,24.6,14,Urea,92.22,After sowing
Tomato,Gujarat,Sandy,6.45,158.63,63.63,156.71,1.32,28.87,811.44,22.0,14,Mixed,175.55,Before sowing
Rice,Andhra Pradesh,Peaty,6.71,141.6,48.35,116.34,1.21,28.43,815.96,33.83,20,Potash,94.49,Before sowing
Soybean,Andhra Pradesh,Clay,6.79,169.63,31.91,106.4,1.25,24.36,768.64,24.36,17,Compost,150.65,Mid growth
Maize,Karnataka,Loamy,7.07,134.63,35.41,114.95,1.05,39.31,798.26,29.56,11,Mixed,127.57,Pre-harvest
Rice,Tamil Nadu,Peaty,6.14,144.22,38.21,145.68,1.35,30.09,915.27,30.2,15,Compost,135.28,Before sowing
Rice,Andhra Pradesh,Clay,6.56,148.51,50.61,123.62,1.31,34.27,1496.01,28.97,15,Potash,108.36,After sowing
Groundnut,Maharashtra,Loamy,6.27,149.8,40.3,120.13,1.3,38.78,514.18,31.34,13,Compost,149.45,Pre-harvest
Cotton,Maharashtra,Sandy,6.33,117.66,53.48,102.93,1.01,39.84,556.08,27.22,20,Urea,121.73,Mid growth
Cotton,Andhra Pradesh,Sandy,6.78,161.16,48.59,93.79,1.31,37.63,701.2,32.07,13,Potash,101.42,Pre-harvest
Sugarcane,Maharashtra,Loamy,7.21,164.73,32.97,150.51,1.32,27.58,854.74,30.92,13,Potash,98.4,Before sowing
Groundnut,Maharashtra,Sandy,6.26,118.43,37.17,93.12,1.39,31.21,580.55,28.45,4,Urea,188.47,Pre-harvest
Wheat,Tamil Nadu,Silty,6.53,123.34,33.73,98.12,0.98,38.33,524.64,21.78,18,Potash,90.15,Mid growth
Maize,Andhra Pradesh,Silty,6.61,156.5,34.39,108.34,1.08,23.86,690.37,29.37,14,Mixed,178.2,Pre-harvest
Potato,Gujarat,Sandy,6.07,187.35,48.18,154.67,1.26,34.2,611.11,23.38,10,Potash,123.39,Mid growth
Millet,Karnataka,Clay,7.02,131.91,42.46,89.85,1.4,39.57,517.36,29.2,18,Potash,191.32,Mid growth
Soybean,Maharashtra,Sandy,6.3,140.24,42.66,101.91,1.29,39.39,518.42,32.33,13,Potash,127.93,Before sowing
Potato,Maharashtra,Sandy,6.2,136.76,44.6,137.61,1.55,22.21,671.88,25.15,7,Compost,128.22,Pre-harvest
Wheat,Gujarat,Sandy,6.54,136.94,45.37,107.35,1.44,27.15,784.88,25.22,8,DAP,188.15,Pre-harvest
Rice,Karnataka,Clay,7.19,152.72,33.62,145.65,1.36,25.33,1239.2,33.42,4,Potash,82.65,Pre-harvest
Millet,Karnataka,Clay,7.17,134.89,42.38,132.2,1.1,39.9,513.19,28.75,16,DAP,129.96,Before sowing
Groundnut,Maharashtra,Sandy,6.38,118.44,40.05,125.79,1.43,37.92,798.32,31.76,20,Urea,154.28,Mid growth
Wheat,Gujarat,Silty,7.25,140.18,25.07,132.82,1.22,25.17,409.39,29.59,6,DAP,94.04,After sowing
Millet,Gujarat,Loamy,7.32,120.77,47.03,82.61,1.15,39.17,470.07,25.66,7,Potash,87.2,Pre-harvest
Maize,Gujarat,Silty,6.83,132.65,45.82,128.92,1.16,34.15,401.23,28.65,15,DAP,100.87,After sowing
Potato,Gujarat,Peaty,6.86,178.82,37.25,113.77,1.25,25.11,664.02,24.9,11,Urea,109.61,Pre-harvest
Soybean,Maharashtra,Clay,7.23,128.65,54.56,137.59,1.03,21.02,549.15,31.48,7,Mixed,178.94,Before sowing
Cotton,Tamil Nadu,Sandy,7.26,166.66,40.23,97.7,1.56,24.29,782.65,31.43,9,Potash,180.37,Mid growth
Potato,Maharashtra,Loamy,6.03,184.5,57.63,116.35,1.73,26.74,882.15,22.04,8,Compost,136.09,Before sowing
Rice,Karnataka,Peaty,7.12,148.19,52.39,128.92,1.71,28.74,1111.12,29.83,15,Compost,145.04,Mid growth
Maize,Andhra Pradesh,Clay,7.22,128.22,31.84,103.53,1.08,39.85,572.82,28.32,5,DAP,153.76,Before sowing
Tomato,Maharashtra,Loamy,7.01,143.97,41.96,136.55,1.35,28.49,678.15,18.9,14,Mixed,100.77,Before sowing
Millet,Andhra Pradesh,Loamy,7.32,124.36,43.39,99.64,1.2,36.01,538.21,27.8,11,Potash,100.88,Pre-harvest
Tomato,Maharashtra,Loamy,6.29,165.83,57.13,117.13,1.57,35.03,847.86,25.69,8,Compost,107.45,Mid growth
Groundnut,Karnataka,Loamy,7.19,117.66,51.36,116.55,1.27,39.47,590.56,29.5,15,Urea,155.45,Mid growth
Potato,Maharashtra,Peaty,6.1,131.71,41.67,144.35,1.75,39.16,794.71,26.08,7,Compost,175.87,Mid growth
Rice,Gujarat,Silty,6.53,151.7,33.74,135.74,1.72,24.48,1029.29,29.28,13,Compost,167.47,Pre-harvest
Cotton,Andhra Pradesh,Peaty,7.05,146.32,47.14,140.53,1.06,36.34,791.7,31.12,12,Mixed,131.41,Mid growth
Rice,Maharashtra,Peaty,5.93,131.39,54.46,100.64,1.64,37.04,1310.02,29.82,14,Compost,176.15,Pre-harvest
Cotton,Tamil Nadu,Clay,6.83,121.66,31.44,100.25,1.36,37.02,531.77,32.72,16,Potash,195.83,After sowing
Maize,Tamil Nadu,Clay,6.04,123.18,26.57,92.43,1.47,22.44,731.24,29.62,17,DAP,155.78,Mid growth
Millet,Karnataka,Peaty,6.21,157.27,26.48,117.13,0.87,39.47,645.39,26.74,18,DAP,114.79,Before sowing
Maize,Karnataka,Peaty,6.11,146.32,25.16,104.98,0.96,36.7,636.3,28.36,6,DAP,128.84,Mid growth
Groundnut,Gujarat,Peaty,7.45,116.96,47.07,99.38,1.15,26.15,836.15,29.58,5,Urea,120.77,After sowing
Groundnut,Tamil Nadu,Clay,6.29,142.83,50.56,102.74,1.15,30.87,899.82,29.93,8,Urea,118.47,Mid growth
Soybean,Tamil Nadu,Silty,6.61,110.54,50.19,99.65,1.05,27.81,624.36,28.79,20,Urea,84.6,After sowing
Groundnut,Gujarat,Loamy,6.55,127.99,51.21,142.85,1.58,25.54,837.24,27.22,6,Compost,83.38,Mid growth
Rice,Andhra Pradesh,Sandy,7.12,174.67,59.88,119.6,1.15,33.63,850.63,28.27,15,Potash,101.48,Mid growth
Groundnut,Tamil Nadu,Sandy,5.8,135.11,51.21,136.64,1.32,32.05,613.87,25.26,12,Potash,105.96,Before sowing
Maize,Andhra Pradesh,Silty,6.37,142.04,26.7,113.83,1.41,30.82,704.66,28.83,20,DAP,191.85,Mid growth
Millet,Tamil Nadu,Sandy,7.46,148.38,45.68,110.38,1.41,20.44,792.42,28.18,18,Potash,192.45,Pre-harvest
Cotton,Maharashtra,Silty,6.04,138.25,34.29,95.27,1.12,34.84,769.15,32.33,10,Potash,117.68,Before sowing
Cotton,Gujarat,Peaty,7.09,128.98,50.39,119.88,1.15,39.0,891.46,31.86,20,DAP,139.53,Mid growth
Maize,Tamil Nadu,Sandy,6.0,100.77,37.65,135.81,1.17,24.63,743.79,20.66,15,Urea,175.92,Before sowing
Groundnut,Karnataka,Loamy,6.84,148.78,35.61,106.72,1.04,34.04,648.15,27.32,9,Urea,89.22,Before sowing
Maize,Tamil Nadu,Silty,5.94,156.43,34.98,125.22,1.3,27.57,619.36,29.15,6,Compost,197.93,After sowing
Rice,Andhra Pradesh,Peaty,7.21,149.71,30.24,102.77,1.12,20.34,1092.3,25.47,13,DAP,132.91,After sowing
Tomato,Gujarat,Clay,6.41,158.4,63.09,145.02,1.77,25.48,637.63,22.17,18,Compost,187.48,After sowing
Cotton,Andhra Pradesh,Silty,6.78,134.28,48.95,116.92,1.58,32.04,580.15,26.08,20,Compost,170.37,Mid growth
Rice,Tamil Nadu,Loamy,6.34,152.88,35.53,146.92,1.35,39.27,1111.61,34.49,18,Potash,146.54,Mid growth
Tomato,Andhra Pradesh,Clay,6.53,179.47,40.5,150.04,1.44,30.84,771.52,27.94,16,Potash,195.44,Pre-harvest
Soybean,Maharashtra,Peaty,7.19,161.71,52.02,127.11,1.24,39.38,863.57,31.44,9,Potash,80.01,Before sowing
Potato,Tamil Nadu,Peaty,6.98,186.12,45.58,112.72,1.73,34.8,741.53,25.91,13,Compost,155.19,Mid growth
Sugarcane,Karnataka,Sandy,6.68,175.12,48.6,132.52,1.56,37.94,1391.0,31.28,4,Compost,85.61,Pre-harvest
Potato,Gujarat,Peaty,6.19,180.79,53.96,110.33,1.44,22.13,792.69,21.49,19,Potash,83.12,Pre-harvest
Cotton,Maharashtra,Sandy,7.12,154.37,46.33,137.02,1.18,26.33,884.65,31.02,16,DAP,176.46,Pre-harvest
Soybean,Andhra Pradesh,Silty,7.17,152.63,36.24,91.66,1.36,29.15,704.46,28.06,15,Potash,176.08,Pre-harvest
Tomato,Andhra Pradesh,Clay,6.73,181.58,53.34,155.64,1.24,30.97,673.76,18.68,18,Compost,193.77,Mid growth
Groundnut,Maharashtra,Clay,7.19,114.94,41.68,125.58,1.3,30.73,794.57,32.83,6,Urea,182.48,Mid growth
Sugarcane,Maharashtra,Sandy,7.31,121.07,56.41,113.6,1.44,22.06,1126.16,27.16,17,Compost,130.71,Pre-harvest
Cotton,Maharashtra,Clay,6.24,120.01,54.87,124.99,1.38,38.67,700.19,32.7,10,Urea,105.31,Before sowing
Cotton,Andhra Pradesh,Loamy,6.89,123.16,31.82,103.56,1.13,24.72,690.18,29.75,5,Mixed,186.78,Mid growth
Cotton,Maharashtra,Silty,6.03,151.06,54.8,118.23,1.22,33.66,612.68,27.54,11,Mixed,165.51,Pre-harvest
Wheat,Andhra Pradesh,Clay,6.34,133.31,25.76,112.08,1.18,27.44,738.8,23.42,19,DAP,193.67,Pre-harvest
Soybean,Maharashtra,Sandy,6.36,166.22,33.36,131.08,1.24,27.57,704.47,31.32,9,Mixed,85.74,Mid growth
Millet,Andhra Pradesh,Clay,7.19,107.68,40.71,86.67,1.02,35.76,744.08,21.69,17,Urea,116.34,Mid growth
Cotton,Maharashtra,Loamy,7.21,156.75,32.62,134.56,1.42,26.63,662.26,26.43,20,Mixed,195.44,Mid growth
Sugarcane,Andhra Pradesh,Peaty,7.06,165.71,39.0,130.8,1.49,36.31,1133.84,31.72,5,Compost,87.45,After sowing
Potato,Maharashtra,Loamy,7.36,179.36,52.22,151.05,1.63,35.23,746.9,21.54,20,Compost,135.22,Before sowing
Tomato,Andhra Pradesh,Silty,5.99,182.84,53.13,146.51,1.8,20.26,802.66,27.75,8,Compost,86.87,Pre-harvest
Groundnut,Karnataka,Peaty,7.22,134.98,36.92,117.91,1.47,35.99,878.42,31.2,20,Compost,142.66,Pre-harvest
Potato,Maharashtra,Peaty,6.68,157.85,45.49,121.21,1.8,32.21,879.18,26.14,16,Compost,125.11,After sowing
Soybean,Maharashtra,Sandy,7.45,127.39,54.63,149.37,1.34,24.83,510.24,26.84,12,Urea,122.69,Before sowing
Maize,Maharashtra,Loamy,7.41,137.51,35.05,138.35,1.02,23.7,655.02,28.3,9,Compost,181.46,Mid growth
Tomato,Maharashtra,Silty,5.9,157.27,64.78,125.49,1.27,28.97,849.02,22.35,5,Mixed,80.91,Pre-harvest
Groundnut,Andhra Pradesh,Clay,6.98,154.18,37.61,112.04,1.24,37.45,522.99,27.07,5,DAP,94.21,Before sowing
Soybean,Andhra Pradesh,Loamy,7.12,136.26,49.74,104.47,1.6,24.39,764.67,31.82,18,Compost,154.47,Mid growth
Rice,Maharashtra,Sandy,7.39,150.99,56.79,117.81,1.49,29.64,1490.65,34.76,18,Urea,179.43,Mid growth
Millet,Gujarat,Clay,7.28,135.33,26.35,122.24,1.48,28.62,646.84,26.72,8,DAP,186.31,Before sowing
Rice,Tamil Nadu,Silty,6.62,125.02,42.96,140.04,1.09,23.7,1356.62,32.01,17,Urea,114.08,Pre-harvest
Tomato,Andhra Pradesh,Loamy,6.94,154.2,36.52,139.26,1.22,35.31,767.6,27.66,12,Compost,122.21,After sowing
Groundnut,Andhra Pradesh,Loamy,5.97,164.5,43.4,90.33,1.29,31.23,864.54,32.95,19,Potash,126.82,After sowing
Wheat,Andhra Pradesh,Peaty,6.17,144.68,45.62,83.59,0.83,34.28,501.69,22.97,6,Potash,148.02,Before sowing
Potato,Tamil Nadu,Loamy,6.29,184.16,43.12,149.88,1.77,35.81,944.49,20.95,13,Compost,195.92,Mid growth
Soybean,Karnataka,Peaty,5.91,122.7,45.06,103.69,1.44,33.89,788.62,24.92,11,Mixed,166.64,Before sowing
Cotton,Gujarat,Loamy,6.66,126.91,35.84,114.03,1.38,33.86,621.99,26.29,7,Urea,116.09,Mid growth
Potato,Gujarat,Peaty,6.23,172.27,39.62,131.5,1.22,31.88,677.31,24.74,13,Mixed,80.15,Mid growth
Tomato,Karnataka,Clay,6.9,137.64,50.19,118.64,1.59,36.84,947.92,19.97,4,Compost,112.21,Mid growth
Maize,Maharashtra,Clay,6.29,109.19,26.9,132.85,1.16,33.0,622.9,23.72,6,Urea,155.7,Before sowing
Millet,Tamil Nadu,Sandy,7.42,117.86,29.92,80.08,1.02,27.41,406.47,22.11,18,Urea,153.3,Before sowing
Tomato,Tamil Nadu,Loamy,7.23,173.03,50.61,119.59,1.61,39.8,757.01,20.75,19,Compost,96.22,Mid growth
Soybean,Andhra Pradesh,Sandy,6.47,157.33,48.61,129.83,1.22,34.77,579.43,32.94,14,DAP,190.73,Mid growth
Wheat,Tamil Nadu,Peaty,5.91,119.55,48.98,86.14,0.81,31.51,717.49,20.75,19,Urea,165.18,After sowing
Sugarcane,Gujarat,Peaty,5.86,179.12,41.34,104.52,1.67,37.66,1221.34,26.09,10,Compost,164.53,Before sowing
Millet,Andhra Pradesh,Clay,7.11,140.33,34.31,112.6,1.32,30.62,563.33,22.27,11,Mixed,84.08,After sowing
Groundnut,Gujarat,Sandy,6.49,131.02,44.81,99.93,1.46,37.72,658.23,32.94,13,Potash,123.54,Mid growth
Wheat,Andhra Pradesh,Loamy,7.31,100.79,25.99,125.61,1.26,38.58,509.22,22.71,7,Urea,173.51,After sowing
Cotton,Maharashtra,Peaty,6.34,118.32,34.13,138.3,1.45,38.02,661.22,27.62,16,Urea,87.9,Pre-harvest
Wheat,Andhra Pradesh,Loamy,7.36,141.38,38.76,130.78,0.96,24.08,504.58,22.52,4,Mixed,144.39,Before sowing
Soybean,Tamil Nadu,Loamy,6.98,121.32,33.09,129.66,1.14,35.93,845.3,26.67,12,Urea,100.4,Before sowing
Maize,Maharashtra,Sandy,5.94,123.41,26.11,119.89,1.47,20.31,547.4,20.49,15,DAP,192.57,Mid growth
Cotton,Maharashtra,Loamy,7.46,149.32,44.18,138.59,1.44,24.97,807.12,30.25,16,Mixed,174.82,Before sowing
Wheat,Tamil Nadu,Sandy,6.73,138.83,44.21,97.58,1.49,27.89,425.08,25.65,6,Potash,131.87,Mid growth
Millet,Gujarat,Peaty,6.59,129.01,35.95,134.72,1.38,26.5,792.37,26.81,13,Mixed,98.75,After sowing
Groundnut,Maharashtra,Clay,6.09,160.32,30.14,108.21,1.08,23.83,678.85,32.85,20,Urea,137.13,After sowing
Potato,Karnataka,Clay,6.13,165.56,63.3,110.97,1.5,35.7,803.03,24.43,18,Compost,199.38,Before sowing
Rice,Maharashtra,Sandy,6.19,152.42,33.31,109.8,1.71,25.41,1271.5,33.38,15,Compost,109.18,Pre-harvest
Potato,Karnataka,Silty,6.91,145.66,40.74,127.31,1.56,39.27,924.37,23.68,19,Compost,154.26,Pre-harvest
Maize,Karnataka,Peaty,7.13,135.94,29.67,107.43,1.14,34.53,413.03,25.87,19,DAP,135.0,After sowing
Wheat,Karnataka,Peaty,6.3,139.39,28.15,93.78,0.93,21.11,527.86,25.46,8,DAP,195.85,Before sowing
Millet,Gujarat,Clay,6.9,119.68,31.21,127.43,1.19,30.32,668.61,24.46,14,Urea,148.24,After sowing
Sugarcane,Gujarat,Silty,5.91,138.99,42.43,110.55,1.01,39.16,1230.63,26.05,12,DAP,128.37,Mid growth
Maize,Maharashtra,Loamy,6.72,134.77,46.2,137.3,1.24,29.03,426.15,27.63,5,Compost,163.07,After sowing
Wheat,Tamil Nadu,Loamy,6.28,118.61,27.05,81.47,1.41,31.65,532.88,23.7,20,Urea,126.58,Mid growth
Potato,Gujarat,Silty,6.49,142.43,46.33,125.74,1.61,37.87,764.58,26.84,16,Compost,152.12,Before sowing
Groundnut,Maharashtra,Clay,6.14,159.61,44.12,122.65,1.04,26.46,512.06,31.89,19,Compost,107.76,Pre-harvest
Potato,Gujarat,Peaty,7.36,177.56,58.33,121.27,1.38,21.01,865.93,27.92,8,Potash,164.81,Pre-harvest
Potato,Andhra Pradesh,Loamy,7.0,180.84,41.84,117.94,1.55,28.19,788.37,20.58,13,Compost,151.28,Mid growth
Wheat,Gujarat,Peaty,7.03,121.74,42.24,98.42,1.14,38.72,667.39,28.47,8,Potash,198.54,Before sowing
Rice,Andhra Pradesh,Silty,7.18,151.55,34.34,123.64,1.36,29.58,1464.29,25.98,11,Compost,181.95,Pre-harvest
Cotton,Maharashtra,Peaty,7.48,138.54,48.35,141.21,1.55,37.98,824.04,29.9,5,Compost,112.34,After sowing
Maize,Karnataka,Clay,6.42,134.95,37.51,117.05,1.33,34.78,654.16,28.68,18,Compost,127.53,After sowing
Cotton,Maharashtra,Silty,7.06,136.25,42.39,131.32,1.16,30.0,715.98,29.21,16,DAP,188.19,After sowing
Tomato,Tamil Nadu,Peaty,7.09,151.54,43.11,127.04,1.42,23.79,674.54,21.47,10,Urea,166.88,After sowing
Sugarcane,Maharashtra,Silty,7.28,178.28,57.34,120.88,1.31,30.32,872.91,32.15,4,Potash,157.18,Pre-harvest
Rice,Tamil Nadu,Loamy,7.32,156.91,33.42,150.03,1.8,20.71,1291.72,31.99,15,Compost,139.24,Pre-harvest
Rice,Karnataka,Sandy,7.37,158.45,47.97,137.9,1.49,31.78,867.22,25.02,5,Compost,190.13,Before sowing
Maize,Andhra Pradesh,Sandy,6.77,116.25,30.16,81.21,0.96,20.25,491.28,21.31,6,Urea,155.1,Pre-harvest
Potato,Karnataka,Silty,7.49,176.81,60.78,144.76,1.37,35.0,858.59,22.88,13,Mixed,94.14,Mid growth
Tomato,Tamil Nadu,Sandy,6.36,143.36,60.87,144.06,1.49,33.69,958.61,26.03,20,Potash,151.73,Pre-harvest
Millet,Karnataka,Silty,7.29,146.2,34.51,118.39,1.46,29.5,717.21,25.82,12,Potash,133.33,Mid growth
Maize,Maharashtra,Sandy,6.27,116.4,33.19,115.85,0.9,32.48,584.8,26.27,4,Urea,95.32,After sowing
Soybean,Maharashtra,Peaty,7.29,124.44,32.64,123.35,1.51,36.57,586.71,30.22,20,Compost,127.77,Pre-harvest
Rice,Maharashtra,Peaty,7.07,158.03,52.52,136.3,1.23,22.27,1125.98,25.38,19,DAP,160.58,After sowing
Millet,Tamil Nadu,Silty,6.8,105.44,34.88,100.97,1.05,23.61,433.38,28.04,5,Urea,144.47,Before sowing
Millet,Gujarat,Clay,6.39,156.28,27.22,98.11,1.46,33.26,573.05,28.31,11,DAP,97.71,Pre-harvest
Wheat,Andhra Pradesh,Sandy,5.98,145.99,43.92,116.03,0.84,33.52,562.47,21.88,11,Urea,118.86,After sowing
Groundnut,Tamil Nadu,Sandy,5.95,142.02,39.11,124.76,1.1,23.65,587.75,29.77,17,Potash,188.17,After sowing
Potato,Maharashtra,Clay,6.19,151.27,45.88,132.66,1.69,29.59,973.47,23.08,12,Compost,120.78,Before sowing
Tomato,Gujarat,Peaty,6.77,163.12,55.17,127.83,1.25,35.03,623.92,22.58,18,Compost,165.06,Before sowing
Potato,Tamil Nadu,Silty,6.74,130.41,35.84,142.57,1.34,21.9,956.43,26.27,4,Urea,191.99,Mid growth
Groundnut,Karnataka,Clay,6.15,140.16,34.41,137.73,1.03,32.63,713.94,32.63,7,Urea,128.17,Mid growth
Potato,Tamil Nadu,Sandy,6.04,156.9,50.16,123.63,1.33,24.59,621.81,26.31,12,Urea,176.13,After sowing
Wheat,Tamil Nadu,Sandy,7.18,122.01,32.08,92.28,1.39,20.64,783.03,21.69,14,Potash,162.07,Pre-harvest
Rice,Karnataka,Peaty,5.81,155.5,36.68,138.16,1.33,31.19,1345.44,26.33,19,Compost,123.15,Mid growth
Rice,Karnataka,Peaty,7.26,171.79,36.07,155.22,1.64,31.62,938.11,33.62,13,Compost,153.1,Before sowing
Wheat,Karnataka,Loamy,6.56,156.88,32.75,121.4,1.49,35.15,707.16,20.7,19,Potash,159.62,After sowing
Groundnut,Andhra Pradesh,Peaty,6.41,117.41,50.95,93.81,1.57,21.84,637.6,28.82,16,Urea,173.35,Pre-harvest
Sugarcane,Andhra Pradesh,Loamy,6.47,144.33,40.44,132.97,1.46,38.38,1114.94,29.41,19,Compost,87.52,Mid growth
Tomato,Tamil Nadu,Clay,6.75,160.91,57.08,115.34,1.25,20.19,981.06,27.53,8,Potash,105.06,Before sowing
Sugarcane,Tamil Nadu,Loamy,6.12,134.41,58.8,109.47,1.2,24.14,1109.25,30.64,4,Potash,194.45,Before sowing
Tomato,Andhra Pradesh,Clay,6.5,180.77,49.98,112.89,1.56,31.89,790.06,24.13,15,Compost,117.06,Pre-harvest
Potato,Gujarat,Clay,7.39,140.29,45.81,127.43,1.49,24.3,860.44,18.09,10,Compost,196.72,Pre-harvest
Sugarcane,Andhra Pradesh,Clay,6.33,171.94,47.63,122.38,1.14,34.42,1475.16,29.2,9,Urea,189.41,Pre-harvest
Wheat,Maharashtra,Silty,7.3,128.35,34.65,98.92,1.12,21.04,601.34,20.22,11,Potash,184.75,After sowing
Tomato,Karnataka,Clay,7.02,181.8,54.06,158.41,1.56,28.37,959.15,21.36,11,Compost,180.45,Mid growth
Millet,Andhra Pradesh,Loamy,7.06,139.93,36.95,107.52,0.98,30.82,528.67,28.92,15,Potash,101.78,Mid growth
Maize,Gujarat,Peaty,6.36,131.64,41.61,129.97,1.46,21.78,731.39,20.19,5,DAP,186.82,Pre-harvest
Sugarcane,Karnataka,Loamy,5.9,175.76,41.18,114.29,1.06,22.33,884.12,27.78,5,Potash,101.62,Mid growth
Cotton,Gujarat,Sandy,6.89,144.17,45.17,101.84,1.24,37.33,722.74,24.84,10,Potash,99.36,Before sowing
Rice,Tamil Nadu,Loamy,7.46,137.09,30.17,103.25,1.26,33.71,953.69,27.23,17,DAP,160.97,After sowing
Groundnut,Andhra Pradesh,Peaty,6.39,156.61,49.55,101.59,1.0,24.08,729.35,32.06,12,Compost,136.44,After sowing
Rice,Tamil Nadu,Clay,6.16,165.87,39.23,106.94,1.68,30.2,1422.26,27.07,12,Compost,138.2,After sowing
Wheat,Andhra Pradesh,Loamy,5.8,158.45,38.8,83.22,1.24,32.81,503.8,20.93,7,Potash,150.58,Before sowing
Groundnut,Maharashtra,Silty,7.48,145.11,32.2,149.44,1.19,38.95,544.54,27.57,5,Potash,125.57,Before sowing
Maize,Maharashtra,Peaty,7.21,126.32,49.25,81.09,1.0,22.74,596.31,27.99,6,Potash,132.63,Pre-harvest
Wheat,Tamil Nadu,Peaty,5.89,124.86,45.31,139.77,1.21,26.28,795.18,25.83,6,Potash,137.8,Before sowing
Maize,Karnataka,Sandy,6.17,136.12,40.07,137.59,0.89,36.75,454.13,24.69,12,Potash,178.25,Mid growth
Maize,Gujarat,Peaty,6.69,131.7,39.36,108.76,0.87,27.23,776.86,24.45,19,Mixed,194.66,Mid growth
Maize,Andhra Pradesh,Sandy,7.2,103.89,31.19,110.3,0.92,30.83,662.05,20.41,18,Urea,173.52,Pre-harvest
Groundnut,Karnataka,Clay,6.13,130.4,45.1,120.72,1.09,26.26,872.03,32.24,11,Mixed,137.84,Before sowing
Groundnut,Maharashtra,Loamy,6.81,116.07,52.26,119.85,1.42,29.2,889.11,27.09,13,Urea,86.85,Before sowing
Rice,Tamil Nadu,Peaty,5.94,136.25,57.51,127.26,1.53,23.12,1067.37,34.41,14,Compost,147.12,Before sowing
Potato,Gujarat,Peaty,6.83,161.49,60.21,142.48,1.25,20.71,660.99,20.17,4,Potash,168.25,Pre-harvest
Millet,Andhra Pradesh,Loamy,6.71,126.52,26.85,82.78,1.07,22.62,438.74,21.04,18,DAP,177.71,After sowing
Tomato,Karnataka,Clay,6.54,140.11,47.88,120.83,1.77,26.39,638.45,27.37,5,Compost,190.25,After sowing
Maize,Maharashtra,Sandy,7.11,115.19,27.55,88.64,1.41,26.87,720.48,25.07,6,Urea,139.62,Pre-harvest
Tomato,Gujarat,Silty,6.19,150.35,63.73,131.01,1.43,30.79,609.44,19.63,8,Compost,187.99,After sowing
Soybean,Karnataka,Sandy,7.49,139.97,46.17,113.92,1.51,31.47,858.26,30.73,12,Compost,142.2,Before sowing
Cotton,Andhra Pradesh,Peaty,6.52,148.68,32.98,147.51,1.02,30.72,884.84,25.78,15,Potash,87.88,Pre-harvest
Cotton,Tamil Nadu,Loamy,6.44,132.9,31.47,131.76,1.52,28.12,702.35,25.39,10,Compost,186.5,Pre-harvest
Sugarcane,Karnataka,Peaty,7.36,157.42,50.32,101.32,1.32,24.52,1302.95,31.66,12,DAP,116.41,Mid growth
Millet,Andhra Pradesh,Clay,5.94,141.23,35.14,107.94,1.08,36.22,738.62,20.36,17,Potash,92.69,Pre-harvest
Sugarcane,Karnataka,Sandy,6.94,148.32,44.5,107.25,1.05,27.5,948.67,29.98,7,Potash,99.79,Before sowing
Rice,Tamil Nadu,Peaty,7.48,161.51,39.88,126.94,1.11,31.2,1169.53,33.76,20,Urea,169.57,After sowing
Wheat,Karnataka,Silty,7.44,106.77,40.38,134.86,1.03,20.14,555.41,21.34,10,Urea,126.34,Mid growth
Potato,Gujarat,Silty,7.36,149.24,51.09,140.31,1.66,28.5,834.68,24.74,12,Compost,94.67,After sowing
Millet,Andhra Pradesh,Loamy,6.95,114.24,43.08,107.15,1.08,20.06,532.63,29.99,4,Urea,92.7,After sowing
Rice,Gujarat,Loamy,6.83,141.16,40.36,115.21,1.18,38.58,1255.51,32.45,8,Mixed,144.39,Mid growth
Rice,Maharashtra,Silty,7.35,167.5,30.59,159.15,1.68,39.94,814.91,29.11,15,Compost,161.22,Mid growth
Soybean,Maharashtra,Sandy,6.81,158.22,40.68,113.58,1.01,28.78,548.92,28.67,15,Potash,110.8,Before sowing
Rice,Tamil Nadu,Sandy,7.21,163.08,44.49,119.16,1.44,38.91,1012.23,29.28,8,Mixed,100.79,Before sowing
Groundnut,Gujarat,Silty,6.69,163.69,35.56,112.95,1.28,37.69,679.09,31.48,15,Potash,92.48,Pre-harvest
Tomato,Karnataka,Silty,6.84,158.89,38.82,114.42,1.55,38.92,966.29,24.65,8,Compost,110.88,After sowing
Tomato,Gujarat,Sandy,6.79,151.77,42.81,137.35,1.32,37.81,642.79,21.59,14,Potash,150.66,After sowing
Rice,Maharashtra,Silty,7.49,132.17,38.16,114.57,1.52,28.69,1348.34,32.73,7,Compost,116.22,Mid growth
Rice,Karnataka,Silty,7.22,162.02,40.91,159.28,1.16,30.9,895.48,27.75,10,Mixed,112.19,Pre-harvest
Millet,Gujarat,Silty,7.22,150.3,49.26,110.4,1.25,29.34,674.64,23.82,14,Urea,157.36,Before sowing
Tomato,Tamil Nadu,Sandy,6.01,174.42,42.34,120.33,1.55,30.34,741.36,27.51,14,Compost,103.95,After sowing
Potato,Andhra Pradesh,Peaty,7.01,185.06,45.74,131.78,1.32,30.87,928.7,18.38,5,Mixed,133.71,Pre-harvest
Sugarcane,Karnataka,Silty,6.84,150.22,53.43,121.61,1.48,30.12,847.93,30.05,19,Mixed,197.4,After sowing
Maize,Maharashtra,Peaty,7.29,102.08,28.73,135.25,0.98,29.86,710.9,25.54,20,Urea,164.6,Before sowing
Sugarcane,Karnataka,Silty,6.16,179.25,55.1,131.88,1.36,37.94,1034.19,29.44,8,Urea,194.86,Mid growth
Sugarcane,Tamil Nadu,Sandy,6.85,164.14,57.99,106.9,1.21,24.3,1172.87,28.17,10,Potash,158.51,Pre-harvest
Cotton,Karnataka,Sandy,7.17,122.21,43.52,109.26,1.16,23.78,831.11,26.48,16,Compost,126.91,Mid growth
Tomato,Andhra Pradesh,Peaty,6.82,173.63,62.29,110.49,1.35,39.59,745.01,26.09,14,Urea,83.96,Pre-harvest
Soybean,Karnataka,Clay,6.09,145.12,47.15,142.37,1.38,35.06,862.23,27.61,10,DAP,180.12,After sowing
Potato,Maharashtra,Peaty,6.81,152.24,50.08,152.56,1.35,38.13,884.86,23.54,18,Mixed,104.87,After sowing
Soybean,Gujarat,Loamy,6.81,135.99,46.19,141.15,1.47,31.54,695.02,30.57,20,Urea,105.79,After sowing
Sugarcane,Tamil Nadu,Peaty,6.66,158.45,56.68,156.11,1.03,25.6,1073.23,27.21,7,Mixed,148.75,Pre-harvest
Potato,Tamil Nadu,Loamy,6.51,164.57,63.54,130.39,1.27,29.57,638.46,27.76,11,Urea,96.66,Pre-harvest
Tomato,Maharashtra,Clay,7.2,139.34,45.44,152.88,1.73,21.46,736.49,18.12,4,Compost,174.92,Before sowing
Tomato,Gujarat,Silty,6.27,174.86,44.52,110.42,1.74,38.58,648.68,24.88,4,Compost,120.9,Pre-harvest
Wheat,Andhra Pradesh,Loamy,6.99,142.97,26.77,86.95,1.45,27.77,452.14,26.99,9,DAP,121.54,Pre-harvest
Wheat,Tamil Nadu,Loamy,7.43,109.03,33.45,90.85,0.97,37.02,604.67,28.62,6,Urea,198.95,Before sowing
Sugarcane,Gujarat,Silty,6.56,160.99,45.6,125.52,1.66,27.86,1386.41,33.44,5,Compost,82.57,After sowing
Wheat,Karnataka,Peaty,6.46,124.06,39.8,115.56,0.89,22.59,568.69,24.53,17,Mixed,142.78,After sowing
Millet,Maharashtra,Sandy,7.43,159.0,25.13,113.59,1.2,24.61,483.39,27.62,9,DAP,135.44,After sowing
Maize,Tamil Nadu,Peaty,6.4,131.16,36.52,110.87,1.15,34.12,795.5,24.74,10,Potash,126.82,Pre-harvest
Wheat,Maharashtra,Sandy,6.22,101.61,27.05,132.99,1.29,29.98,686.85,21.6,8,Urea,137.08,Before sowing
Maize,Gujarat,Peaty,6.34,111.91,45.59,106.59,0.94,27.12,760.29,20.45,19,Urea,183.26,After sowing
Potato,Maharashtra,Silty,5.92,159.19,45.66,139.1,1.25,31.49,660.13,19.78,8,Mixed,144.93,Pre-harvest
Sugarcane,Maharashtra,Sandy,7.46,179.15,42.19,119.54,1.41,32.55,1230.23,26.86,14,Compost,124.69,After sowing
Potato,Gujarat,Silty,6.86,133.88,63.14,127.0,1.23,34.31,775.18,27.44,16,Urea,85.25,Pre-harvest
Rice,Tamil Nadu,Loamy,6.22,159.99,53.66,136.04,1.14,28.77,1484.7,33.93,18,Potash,90.4,Before sowing
Potato,Karnataka,Silty,7.21,180.6,40.49,124.23,1.33,20.08,689.65,27.34,14,Mixed,175.36,Mid growth
Wheat,Karnataka,Peaty,6.85,154.83,38.65,86.84,1.07,26.14,543.96,26.46,14,Potash,166.16,Before sowing
Tomato,Tamil Nadu,Silty,6.06,144.32,36.67,121.93,1.58,37.54,913.56,20.03,20,Compost,156.57,Before sowing
Rice,Maharashtra,Sandy,6.81,179.87,43.75,107.11,1.8,28.96,903.2,26.49,5,Compost,192.31,Mid growth
Tomato,Maharashtra,Loamy,6.82,146.75,64.11,117.27,1.77,39.93,650.81,26.08,5,Compost,90.64,Mid growth
Wheat,Karnataka,Sandy,6.09,133.2,31.71,88.28,1.1,34.0,628.22,21.89,7,Potash,125.08,After sowing
Wheat,Karnataka,Silty,5.99,114.2,47.96,133.01,1.18,24.69,450.79,26.73,9,Urea,151.32,Before sowing
Soybean,Gujarat,Sandy,7.42,133.98,38.25,146.96,1.37,33.18,563.86,32.5,14,DAP,82.19,After sowing
Rice,Andhra Pradesh,Silty,6.24,143.53,39.3,101.05,1.62,29.33,1170.96,30.86,4,Compost,160.35,Pre-harvest
Rice,Gujarat,Clay,7.44,121.2,32.99,102.99,1.46,24.25,1226.59,29.54,9,Urea,185.99,Before sowing
Wheat,Andhra Pradesh,Silty,6.52,154.01,26.68,129.05,1.2,28.25,694.54,20.5,19,DAP,181.69,Before sowing
Maize,Karnataka,Clay,6.28,146.82,27.76,139.16,0.81,39.53,558.33,28.52,19,DAP,97.47,Before sowing
Groundnut,Tamil Nadu,Clay,6.41,120.54,38.23,117.33,1.24,20.12,758.02,31.12,10,Compost,84.8,Mid growth
Millet,Tamil Nadu,Loamy,6.94,105.6,28.46,120.08,0.83,36.49,551.02,22.17,6,Urea,198.77,Mid growth
Groundnut,Karnataka,Sandy,6.97,158.62,46.48,119.2,1.32,22.76,514.55,28.2,17,Potash,110.92,Pre-harvest
Wheat,Karnataka,Clay,7.33,110.42,32.54,87.45,0.86,23.86,680.06,29.5,12,Urea,149.91,Mid growth
Wheat,Karnataka,Clay,7.15,132.91,25.49,101.5,1.12,39.28,526.02,22.8,9,DAP,196.67,Before sowing
Soybean,Maharashtra,Clay,7.26,136.6,37.12,126.41,1.36,36.63,666.21,27.3,19,Compost,197.7,Before sowing
Rice,Andhra Pradesh,Silty,6.84,121.03,33.42,140.02,1.6,20.4,1498.29,33.58,9,Compost,169.56,Mid growth
Rice,Karnataka,Clay,6.05,174.47,55.37,154.8,1.31,24.25,1069.18,32.63,16,Mixed,175.88,After sowing
Rice,Andhra Pradesh,Sandy,6.58,170.98,54.91,109.95,1.13,22.04,1001.97,26.0,11,DAP,187.79,Mid growth
Sugarcane,Maharashtra,Peaty,6.08,162.12,47.72,123.34,1.57,22.13,1320.92,28.17,10,Compost,195.62,After sowing
Potato,Tamil Nadu,Peaty,6.0,149.16,36.88,149.09,1.51,24.01,828.51,25.83,18,Compost,134.39,Before sowing
Groundnut,Gujarat,Silty,6.15,147.88,30.96,121.91,1.52,35.58,648.57,30.75,20,Compost,81.5,Before sowing
Groundnut,Gujarat,Clay,7.46,120.61,44.15,101.23,1.46,27.69,781.84,30.88,20,Mixed,189.74,After sowing
Maize,Tamil Nadu,Sandy,5.94,157.24,26.82,110.75,1.15,27.29,545.73,26.49,5,DAP,131.95,Pre-harvest
Tomato,Tamil Nadu,Loamy,6.66,156.31,47.97,123.99,1.58,26.89,623.66,23.4,5,Compost,153.92,Before sowing
Rice,Tamil Nadu,Clay,6.9,176.19,40.77,144.83,1.17,27.26,1088.83,30.12,7,DAP,90.83,Before sowing
Rice,Tamil Nadu,Sandy,5.99,164.8,51.69,138.73,1.1,39.35,1150.55,26.86,5,Potash,94.82,Pre-harvest
Cotton,Karnataka,Clay,6.56,167.06,39.07,105.23,1.08,23.84,647.24,25.86,6,DAP,136.65,Before sowing
Potato,Tamil Nadu,Peaty,6.73,139.07,51.7,146.06,1.62,23.98,788.1,23.73,7,Compost,108.37,Pre-harvest
Millet,Tamil Nadu,Silty,5.86,128.47,47.9,86.78,1.07,24.56,746.04,23.27,11,Potash,116.25,Mid growth
Potato,Andhra Pradesh,Clay,7.39,178.98,47.42,137.32,1.54,29.2,808.42,19.15,20,Compost,152.91,Mid growth
Cotton,Tamil Nadu,Loamy,7.31,128.33,37.16,111.8,1.04,27.83,735.14,27.41,12,Compost,185.38,Mid growth
Sugarcane,Gujarat,Peaty,6.28,175.97,53.04,131.76,1.19,34.31,864.31,27.1,8,Mixed,176.47,Mid growth
Maize,Karnataka,Clay,7.46,115.98,25.94,103.1,1.13,36.41,414.52,20.69,4,Urea,110.01,Pre-harvest
Potato,Tamil Nadu,Sandy,5.92,141.73,54.72,144.78,1.65,21.28,600.32,21.95,15,Compost,89.71,Before sowing
Millet,Tamil Nadu,Clay,6.48,106.22,30.89,119.41,0.94,27.34,513.29,24.43,12,Urea,184.95,Pre-harvest
Millet,Tamil Nadu,Sandy,7.26,132.93,33.39,83.19,0.86,39.54,678.73,20.53,11,Potash,177.15,Before sowing
Sugarcane,Tamil Nadu,Sandy,6.57,171.83,46.66,117.44,1.75,27.88,1327.55,26.04,9,Compost,142.47,Pre-harvest
Maize,Gujarat,Loamy,7.12,145.3,47.73,98.5,0.81,30.73,600.95,30.0,5,Potash,144.6,After sowing
Cotton,Gujarat,Silty,7.3,146.52,39.2,123.7,1.51,20.53,587.19,27.03,13,Compost,103.27,Mid growth
Potato,Karnataka,Clay,7.16,159.39,47.04,119.11,1.31,37.7,773.72,26.46,7,Mixed,173.3,Mid growth
Maize,Andhra Pradesh,Sandy,6.42,151.09,49.86,107.03,1.48,35.62,714.04,20.81,7,Urea,167.48,Pre-harvest
Soybean,Maharashtra,Clay,7.03,161.36,48.36,138.34,1.1,28.9,852.26,26.87,11,Mixed,94.39,Mid growth
Soybean,Tamil Nadu,Sandy,5.83,117.11,47.02,138.23,1.5,32.06,800.62,26.62,13,Urea,166.42,Pre-harvest
Groundnut,Andhra Pradesh,Sandy,6.63,165.35,47.09,118.08,1.04,24.86,817.96,30.13,7,DAP,118.2,Before sowing
Groundnut,Andhra Pradesh,Clay,6.15,166.0,38.43,104.73,1.12,39.0,855.79,25.72,4,Potash,155.96,After sowing
Millet,Andhra Pradesh,Loamy,6.64,147.33,34.97,83.97,0.85,37.11,460.85,28.89,8,Potash,99.23,After sowing
Millet,Tamil Nadu,Silty,6.76,128.84,49.94,107.17,0.87,20.48,414.93,25.81,20,Potash,102.0,Mid growth
Millet,Karnataka,Clay,6.14,152.66,41.41,88.55,1.24,37.05,539.3,24.14,5,Potash,135.89,Before sowing
Maize,Gujarat,Clay,6.19,134.85,49.66,112.03,1.07,30.13,656.82,20.99,20,Potash,133.5,Pre-harvest
Maize,Tamil Nadu,Sandy,6.48,153.36,36.89,101.71,0.81,22.01,770.53,22.04,9,Potash,153.51,Mid growth
Cotton,Andhra Pradesh,Silty,7.35,143.16,40.45,97.71,1.31,20.41,746.47,26.72,12,Potash,155.74,After sowing
Tomato,Maharashtra,Peaty,6.13,180.34,62.61,122.71,1.42,35.67,800.36,20.18,6,DAP,199.3,After sowing
Millet,Gujarat,Peaty,6.59,107.75,49.51,94.23,1.0,33.07,549.43,28.28,11,Urea,149.01,Before sowing
Groundnut,Gujarat,Peaty,6.26,132.74,48.38,132.91,1.55,23.25,526.31,28.8,7,Compost,92.98,Before sowing
Groundnut,Andhra Pradesh,Silty,6.72,152.36,54.07,116.19,1.05,23.89,832.1,25.84,20,Compost,156.86,Pre-harvest
Groundnut,Maharashtra,Clay,7.26,139.66,42.26,145.87,1.49,30.84,848.33,31.61,17,Urea,155.23,After sowing
Soybean,Karnataka,Peaty,6.94,159.66,52.44,102.93,1.47,28.49,604.92,25.92,16,Potash,88.68,Pre-harvest
Groundnut,Andhra Pradesh,Silty,6.05,129.52,30.96,128.68,1.52,24.91,727.78,29.84,20,Compost,158.57,Pre-harvest
Tomato,Karnataka,Silty,7.3,178.88,50.23,128.1,1.4,38.59,868.09,19.71,11,DAP,130.69,After sowing
Potato,Karnataka,Sandy,7.09,188.47,56.09,144.63,1.43,29.94,943.44,23.36,4,Compost,121.22,Mid growth
Wheat,Maharashtra,Loamy,6.8,142.97,46.26,112.81,1.03,20.19,410.13,22.02,16,Urea,187.71,Before sowing
Maize,Andhra Pradesh,Silty,5.96,145.91,45.91,109.71,1.08,28.27,652.2,22.63,11,Urea,103.26,Mid growth
Potato,Maharashtra,Peaty,6.87,172.07,45.75,114.97,1.33,26.39,973.37,19.76,5,DAP,173.01,Mid growth
Potato,Karnataka,Silty,6.87,157.43,63.04,120.12,1.28,38.78,818.24,18.77,5,Potash,91.92,Before sowing
Rice,Karnataka,Loamy,6.47,176.13,30.92,130.02,1.4,21.21,1155.13,34.78,4,Urea,113.89,Pre-harvest
Maize,Gujarat,Clay,6.07,134.69,38.76,105.99,0.95,29.76,487.15,27.21,6,Compost,125.68,Mid growth
Potato,Gujarat,Silty,6.34,135.7,43.37,143.87,1.69,22.58,978.23,20.8,11,Compost,184.01,Before sowing
Rice,Gujarat,Sandy,6.62,162.75,30.36,148.5,1.41,37.6,967.21,34.87,13,Urea,99.7,Pre-harvest
Soybean,Gujarat,Sandy,6.02,154.46,47.73,96.52,1.14,24.64,643.81,26.89,5,Potash,122.65,Mid growth
Cotton,Maharashtra,Peaty,6.1,128.04,48.59,109.29,1.3,22.65,877.53,30.24,13,Mixed,95.45,Pre-harvest
Potato,Maharashtra,Loamy,7.0,181.67,47.08,119.0,1.26,39.27,600.06,18.89,7,Potash,108.84,Mid growth
Sugarcane,Tamil Nadu,Clay,6.57,128.23,51.47,130.93,1.48,37.27,1346.99,33.87,17,Potash,187.0,Mid growth
Tomato,Tamil Nadu,Sandy,6.93,147.34,64.45,152.39,1.68,22.43,916.29,24.86,20,Compost,179.55,Before sowing
Cotton,Gujarat,Loamy,6.19,153.14,33.98,92.2,1.04,20.88,865.42,27.79,20,Potash,125.17,Before sowing
Maize,Maharashtra,Clay,6.48,150.81,25.96,135.23,1.15,23.59,401.51,24.66,16,DAP,120.94,Pre-harvest
Groundnut,Andhra Pradesh,Silty,6.71,123.53,47.73,119.81,1.09,34.76,784.33,28.71,6,Urea,189.25,Pre-harvest
Wheat,Andhra Pradesh,Peaty,6.7,119.64,29.1,130.89,1.32,21.41,708.24,23.18,16,Urea,107.21,Before sowing
Tomato,Tamil Nadu,Silty,6.85,146.26,52.5,156.39,1.4,36.56,997.2,22.83,13,Urea,141.69,Before sowing
Potato,Tamil Nadu,Sandy,6.5,157.75,56.35,128.1,1.7,28.12,627.13,23.71,9,Compost,145.06,After sowing
Soybean,Gujarat,Silty,5.85,156.67,47.55,92.53,1.43,20.21,895.88,24.6,7,Potash,169.72,After sowing
Sugarcane,Andhra Pradesh,Loamy,6.56,121.34,39.25,117.81,1.71,20.76,908.34,28.41,13,Compost,182.11,Pre-harvest
Millet,Andhra Pradesh,Sandy,6.34,137.61,48.14,123.58,1.24,38.19,518.24,22.49,20,DAP,182.39,Pre-harvest
Groundnut,Tamil Nadu,Sandy,7.35,126.68,49.4,125.52,1.57,39.5,734.68,31.98,8,Compost,182.81,Before sowing
Potato,Andhra Pradesh,Loamy,6.58,179.68,57.67,133.79,1.21,21.82,721.83,22.74,6,Mixed,105.18,Mid growth
Sugarcane,Andhra Pradesh,Loamy,6.33,132.28,54.3,122.57,1.35,23.02,1341.82,26.34,18,Compost,164.0,Pre-harvest
Cotton,Tamil Nadu,Sandy,7.34,110.66,46.6,143.3,1.17,33.19,726.42,31.45,13,Urea,149.1,Before sowing
Soybean,Karnataka,Peaty,7.22,121.41,41.8,137.17,1.56,23.46,622.51,28.47,20,Compost,188.74,Mid growth
Maize,Gujarat,Loamy,6.62,137.96,25.8,136.44,1.44,33.99,467.09,23.28,9,DAP,141.32,Before sowing
Cotton,Andhra Pradesh,Peaty,7.09,123.0,40.55,148.07,1.5,25.41,800.57,24.9,13,Compost,134.59,Mid growth
Soybean,Karnataka,Clay,7.39,155.41,35.28,146.71,1.37,37.48,767.2,29.47,6,Potash,193.97,Pre-harvest
Maize,Karnataka,Loamy,6.47,112.04,46.65,110.66,1.03,34.46,644.05,22.02,17,Urea,133.56,After sowing
Cotton,Gujarat,Peaty,5.96,159.38,40.15,143.78,1.4,33.31,705.49,32.82,19,DAP,125.56,Pre-harvest
Sugarcane,Tamil Nadu,Peaty,7.15,135.84,40.93,155.37,1.62,21.93,1281.67,34.63,13,Compost,145.47,Before sowing
Wheat,Maharashtra,Loamy,6.89,159.27,36.55,124.93,1.46,36.0,689.18,26.53,4,DAP,178.33,Before sowing
Wheat,Andhra Pradesh,Silty,7.41,151.98,46.78,93.34,1.02,25.66,732.35,22.54,17,Potash,168.53,Before sowing
Soybean,Gujarat,Peaty,6.62,162.35,39.8,90.38,1.32,37.08,595.59,25.23,10,Potash,103.54,Before sowing
Wheat,Maharashtra,Sandy,6.47,141.59,45.22,126.35,1.47,26.27,706.33,26.96,16,Compost,191.64,Mid growth
Wheat,Tamil Nadu,Silty,6.29,151.12,30.68,126.31,1.19,23.0,722.09,28.91,8,Compost,150.34,Mid growth
Millet,Maharashtra,Loamy,6.68,143.27,32.47,95.48,1.12,39.61,735.97,26.06,18,Potash,161.7,Before sowing
Maize,Tamil Nadu,Sandy,7.18,116.95,31.75,111.26,1.4,27.22,785.79,20.17,4,Urea,162.63,After sowing
Millet,Maharashtra,Sandy,6.92,132.06,30.23,113.17,1.39,33.58,423.27,25.08,20,Potash,131.61,After sowing
Potato,Tamil Nadu,Sandy,7.26,184.79,36.8,132.64,1.73,37.25,687.85,20.33,20,Compost,143.13,After sowing
Rice,Gujarat,Clay,5.96,150.68,48.54,109.1,1.38,29.33,802.06,28.59,6,DAP,120.02,Before sowing
Rice,Tamil Nadu,Clay,7.33,143.23,48.21,145.06,1.26,28.47,896.94,30.74,7,Compost,107.03,Pre-harvest
Maize,Tamil Nadu,Peaty,6.09,114.97,26.54,134.26,0.86,34.13,476.93,22.48,5,Urea,144.13,After sowing
Sugarcane,Gujarat,Sandy,7.23,164.19,47.67,110.9,1.6,22.09,1247.55,30.08,9,Compost,109.25,Pre-harvest
Wheat,Tamil Nadu,Peaty,6.9,124.5,39.06,85.7,0.88,27.17,691.32,29.21,17,Potash,172.06,After sowing
Tomato,Tamil Nadu,Loamy,6.58,185.62,64.57,110.64,1.73,39.67,634.71,25.51,18,Compost,163.3,After sowing
Sugarcane,Tamil Nadu,Silty,6.94,157.55,54.51,149.11,1.05,38.33,1448.53,28.13,18,Compost,199.73,Mid growth
Tomato,Karnataka,Sandy,6.36,172.9,51.84,110.76,1.39,35.35,763.85,22.28,16,Urea,190.09,Mid growth
Potato,Andhra Pradesh,Sandy,6.71,136.02,48.45,145.04,1.69,23.47,845.06,27.63,11,Compost,90.85,After sowing
Sugarcane,Gujarat,Peaty,6.27,130.67,58.45,122.22,1.59,34.5,1200.24,26.23,9,Compost,193.55,Mid growth
Rice,Tamil Nadu,Sandy,6.09,124.49,35.86,149.02,1.12,21.46,1275.5,31.8,17,Urea,195.83,Pre-harvest
Wheat,Andhra Pradesh,Silty,7.11,159.4,45.35,102.35,1.44,26.83,455.09,27.59,8,Urea,134.25,After sowing
Millet,Karnataka,Peaty,7.36,107.35,41.86,83.28,1.19,27.09,642.09,23.42,10,Urea,192.85,Mid growth
Maize,Karnataka,Loamy,6.22,116.56,26.97,124.93,1.23,20.78,719.86,21.45,16,Urea,80.76,Pre-harvest
Rice,Maharashtra,Loamy,6.46,161.09,30.07,109.86,1.55,38.97,946.61,25.87,11,Compost,88.27,Mid growth
Soybean,Tamil Nadu,Sandy,7.42,167.24,35.5,122.36,1.12,24.21,752.59,30.26,7,DAP,195.66,After sowing
Potato,Andhra Pradesh,Loamy,6.46,159.66,64.38,113.73,1.58,35.48,743.8,22.51,8,Compost,86.07,Before sowing
Sugarcane,Tamil Nadu,Silty,6.17,130.38,49.14,150.17,1.62,35.83,1420.49,27.51,20,Compost,123.88,Pre-harvest
Soybean,Andhra Pradesh,Peaty,6.55,129.24,32.76,137.78,1.58,33.15,710.55,24.51,5,Compost,91.16,Mid growth
Tomato,Tamil Nadu,Sandy,7.33,158.07,43.91,137.28,1.3,27.64,724.17,25.31,12,Urea,102.0,Mid growth
Potato,Gujarat,Silty,6.33,188.77,50.57,116.94,1.36,24.85,776.57,24.3,7,Mixed,93.19,After sowing
Groundnut,Gujarat,Peaty,6.34,126.26,46.8,112.87,1.29,22.85,868.43,27.56,20,Compost,95.52,Before sowing
Millet,Maharashtra,Clay,6.92,134.99,28.42,119.51,1.41,30.66,617.75,24.67,11,DAP,89.05,Mid growth
Millet,Gujarat,Peaty,5.8,135.15,46.67,114.86,1.16,23.53,452.46,21.72,14,DAP,144.29,Before sowing
Cotton,Gujarat,Clay,7.37,161.83,54.98,148.1,1.56,37.8,593.95,29.02,13,Compost,149.73,Mid growth
Millet,Gujarat,Peaty,6.83,105.89,38.76,129.15,1.21,39.32,507.9,28.09,6,Urea,125.87,Mid growth
Sugarcane,Tamil Nadu,Peaty,6.84,129.68,47.76,148.78,1.52,30.63,1265.51,33.06,16,Compost,106.81,Pre-harvest
Sugarcane,Andhra Pradesh,Clay,7.27,137.33,37.86,133.59,1.52,38.72,1284.6,30.08,20,Compost,181.06,Mid growth
Cotton,Andhra Pradesh,Sandy,7.28,147.59,52.95,124.01,1.29,23.41,587.77,24.73,15,Urea,163.37,Mid growth
Tomato,Tamil Nadu,Loamy,7.36,171.63,53.59,118.88,1.58,24.71,909.74,18.42,4,Compost,188.48,Before sowing
Soybean,Gujarat,Peaty,6.52,120.99,51.45,148.92,1.43,23.81,793.53,32.03,12,Mixed,125.63,After sowing
Wheat,Karnataka,Silty,7.26,157.33,46.05,93.74,0.95,38.9,715.44,23.29,15,Potash,185.73,Before sowing
Tomato,Karnataka,Peaty,6.48,159.19,38.73,150.03,1.35,36.51,785.76,26.46,9,Compost,135.04,Mid growth
Tomato,Karnataka,Loamy,7.41,169.1,59.97,121.75,1.62,22.92,729.61,18.14,18,Compost,164.81,Before sowing
Wheat,Karnataka,Sandy,6.94,145.98,44.89,89.74,1.27,22.24,649.45,29.73,17,Potash,140.01,After sowing
Groundnut,Maharashtra,Sandy,7.0,135.88,31.51,111.19,1.07,24.66,818.1,24.25,13,Urea,159.53,Before sowing
Sugarcane,Karnataka,Clay,7.48,137.29,44.26,105.85,1.03,22.04,1001.08,29.6,6,Urea,149.22,Pre-harvest
Tomato,Karnataka,Silty,7.32,136.61,38.22,154.73,1.57,34.53,932.93,18.23,15,Compost,149.1,Before sowing
Sugarcane,Karnataka,Silty,7.22,144.55,52.72,100.35,1.43,33.45,1064.36,26.72,16,Potash,112.23,Pre-harvest
Potato,Maharashtra,Peaty,7.48,160.08,64.69,141.52,1.3,37.91,753.61,20.02,19,DAP,100.63,Mid growth
Potato,Tamil Nadu,Silty,6.59,154.99,51.7,130.72,1.71,38.64,665.24,23.55,14,Compost,193.56,Mid growth
Groundnut,Tamil Nadu,Loamy,7.01,133.0,50.76,144.82,1.03,21.25,659.49,27.68,7,Potash,128.25,After sowing
Rice,Andhra Pradesh,Sandy,5.84,154.09,57.06,154.84,1.63,35.79,1267.22,25.66,5,Compost,163.98,Pre-harvest
Sugarcane,Tamil Nadu,Silty,7.16,169.84,48.84,135.35,1.52,23.71,836.75,32.57,14,Compost,184.31,Before sowing
Groundnut,Andhra Pradesh,Loamy,7.28,164.83,34.91,147.34,1.41,24.74,798.08,27.53,5,Compost,133.6,Mid growth
Groundnut,Tamil Nadu,Silty,6.11,148.73,31.69,146.38,1.06,36.07,661.63,31.88,5,Urea,90.71,Pre-harvest
Tomato,Karnataka,Clay,6.9,168.68,57.55,157.54,1.33,37.76,894.49,24.57,5,Potash,111.38,Mid growth
Soybean,Andhra Pradesh,Peaty,6.51,116.69,50.64,139.87,1.41,23.97,595.24,28.86,12,Urea,172.69,Mid growth
Soybean,Andhra Pradesh,Peaty,6.61,122.89,51.7,101.76,1.15,24.16,577.07,25.7,4,Potash,108.88,Before sowing
Soybean,Andhra Pradesh,Peaty,6.91,113.32,50.71,149.17,1.46,35.33,754.11,24.27,20,Urea,108.71,Before sowing
Potato,Gujarat,Loamy,7.39,160.97,62.96,138.09,1.69,37.67,942.47,25.4,19,Compost,136.48,After sowing
Tomato,Tamil Nadu,Clay,6.51,150.36,58.26,134.58,1.4,20.03,653.22,23.62,15,Urea,176.64,After sowing
Potato,Gujarat,Peaty,7.41,163.15,60.81,121.55,1.61,21.52,893.16,22.74,17,Compost,165.15,After sowing
Maize,Maharashtra,Sandy,6.28,152.61,47.2,86.3,1.02,24.31,716.4,26.51,18,Potash,139.16,Before sowing
Soybean,Tamil Nadu,Silty,6.76,143.51,33.41,112.51,1.13,35.55,586.4,24.12,15,Urea,154.63,Mid growth
Millet,Karnataka,Loamy,6.3,126.13,31.58,118.23,0.83,26.82,530.83,25.86,11,Urea,171.68,Mid growth
Millet,Gujarat,Silty,6.39,152.4,38.94,138.57,0.9,25.43,566.15,27.85,18,Compost,129.66,Before sowing
Groundnut,Andhra Pradesh,Clay,6.74,112.9,34.78,144.75,1.17,39.42,580.61,28.67,10,Urea,131.67,Mid growth
Tomato,Maharashtra,Peaty,5.94,187.91,45.25,145.01,1.64,22.62,614.32,24.98,16,Compost,149.59,Before sowing
Soybean,Gujarat,Sandy,7.0,124.7,45.97,119.03,1.43,27.41,775.65,32.35,20,Mixed,173.07,Pre-harvest
Cotton,Maharashtra,Loamy,6.25,161.54,45.03,104.53,1.42,38.36,563.33,26.81,7,Mixed,94.24,Before sowing
Sugarcane,Gujarat,Clay,6.85,148.54,41.29,109.41,1.14,20.09,981.65,34.92,11,DAP,145.05,Mid growth
Soybean,Gujarat,Loamy,6.16,130.3,53.96,143.24,1.24,35.64,734.75,32.18,7,DAP,130.67,Before sowing
Tomato,Tamil Nadu,Peaty,6.51,132.11,35.5,154.79,1.67,20.48,826.8,23.62,13,Compost,124.37,After sowing
Maize,Karnataka,Loamy,5.83,116.56,28.02,134.1,0.87,39.73,768.57,23.47,7,Urea,128.49,Before sowing
Millet,Maharashtra,Peaty,6.47,115.1,40.81,137.23,0.95,36.0,480.19,24.99,4,Urea,94.15,After sowing
Tomato,Gujarat,Clay,7.34,170.9,47.82,156.1,1.49,33.27,888.27,24.56,10,DAP,95.31,After sowing
Rice,Karnataka,Sandy,6.55,142.46,58.84,155.68,1.07,30.6,1025.76,29.58,13,Compost,141.99,Mid growth
Cotton,Tamil Nadu,Silty,7.16,156.52,40.75,140.5,1.49,22.44,815.79,28.21,16,Potash,134.8,Pre-harvest
Cotton,Maharashtra,Sandy,6.89,142.82,48.79,118.12,1.28,32.09,827.37,30.33,7,DAP,107.69,Before sowing
Maize,Andhra Pradesh,Sandy,7.31,120.08,30.31,80.67,1.11,35.87,544.16,28.79,6,Potash,145.95,Pre-harvest
Soybean,Karnataka,Loamy,7.47,140.2,45.6,136.23,1.1,27.53,727.09,26.64,7,Compost,127.87,Before sowing
Potato,Andhra Pradesh,Silty,6.43,130.46,50.15,128.01,1.43,29.45,893.86,20.62,8,Urea,179.16,Pre-harvest
Sugarcane,Gujarat,Peaty,5.96,127.98,35.6,105.52,1.26,21.25,1184.57,31.18,10,Potash,154.91,After sowing
Rice,Gujarat,Silty,7.48,132.66,39.03,117.86,1.07,21.87,1055.31,30.24,5,Mixed,90.02,After sowing
Sugarcane,Karnataka,Sandy,6.99,120.42,56.23,100.2,1.21,26.79,1466.52,34.66,10,Mixed,84.38,Mid growth
Rice,Maharashtra,Sandy,6.29,161.8,54.25,120.92,1.07,38.24,1084.5,34.72,12,Potash,148.53,Before sowing
Groundnut,Maharashtra,Peaty,7.39,120.06,45.58,126.24,1.41,21.56,863.1,29.75,7,Compost,164.0,After sowing
Maize,Gujarat,Loamy,7.5,100.57,28.51,118.98,1.02,28.7,794.94,28.09,16,Urea,94.37,After sowing
Groundnut,Maharashtra,Sandy,7.47,128.66,51.47,132.9,1.21,23.24,659.8,29.99,14,DAP,108.35,Mid growth
Tomato,Andhra Pradesh,Sandy,7.36,148.74,61.18,141.32,1.75,24.2,906.77,18.4,9,Compost,110.65,Before sowing
Cotton,Maharashtra,Peaty,7.37,154.15,47.14,120.01,1.23,38.63,659.14,32.04,18,Compost,152.63,Before sowing
Potato,Tamil Nadu,Peaty,7.14,185.93,47.11,117.52,1.75,30.82,704.0,24.25,5,Compost,143.5,Mid growth
Potato,Maharashtra,Silty,6.63,147.63,51.41,121.9,1.59,21.67,971.27,19.89,18,Compost,145.7,Pre-harvest
Cotton,Karnataka,Silty,6.52,127.27,51.58,119.01,1.28,23.73,772.65,25.54,16,Urea,139.51,Mid growth
Millet,Andhra Pradesh,Sandy,6.3,135.21,26.48,125.65,1.39,32.96,435.92,24.28,4,DAP,96.99,After sowing
Rice,Andhra Pradesh,Loamy,7.23,164.43,45.79,156.49,1.02,28.89,1158.39,29.74,4,Mixed,174.78,Mid growth
Wheat,Gujarat,Loamy,5.97,126.12,36.92,95.83,1.29,23.78,611.1,23.13,17,Potash,199.42,Pre-harvest
Sugarcane,Karnataka,Loamy,6.08,134.61,37.87,111.92,1.09,29.07,1463.73,30.17,19,Mixed,169.59,Before sowing
Wheat,Maharashtra,Sandy,6.92,152.38,30.18,104.86,1.23,26.28,775.86,26.81,11,Mixed,171.12,Mid growth
Sugarcane,Karnataka,Sandy,7.35,121.73,51.88,141.05,1.0,29.52,1127.04,25.75,8,Mixed,108.82,Pre-harvest
Rice,Tamil Nadu,Loamy,7.09,179.64,38.67,158.44,1.06,32.61,836.02,32.55,5,Potash,167.16,Before sowing
Potato,Tamil Nadu,Sandy,6.12,188.68,53.31,122.42,1.55,33.64,688.07,19.48,9,Compost,165.37,Before sowing
Maize,Gujarat,Peaty,6.08,143.33,36.83,90.08,0.89,30.17,570.04,23.31,7,Potash,180.02,After sowing
Wheat,Tamil Nadu,Clay,6.06,104.91,27.24,91.31,0.85,29.98,503.3,27.3,9,Urea,188.34,After sowing
Potato,Maharashtra,Loamy,6.7,170.28,42.66,158.57,1.61,26.87,640.19,22.86,6,Compost,199.75,Before sowing
Wheat,Andhra Pradesh,Peaty,7.04,123.59,27.4,83.53,1.45,31.9,591.56,29.12,18,DAP,89.26,After sowing
Wheat,Karnataka,Loamy,6.26,155.61,25.45,99.6,1.05,32.02,551.68,22.56,11,DAP,123.95,After sowing
Maize,Gujarat,Peaty,6.47,146.94,38.51,101.93,1.04,22.18,705.14,20.91,4,Potash,183.13,Pre-harvest
Potato,Maharashtra,Silty,6.67,158.09,56.34,124.01,1.6,28.79,794.6,27.79,16,Compost,91.13,Pre-harvest
Cotton,Tamil Nadu,Peaty,6.46,154.52,31.33,118.09,1.33,38.5,650.24,28.52,17,Urea,141.11,After sowing
Maize,Karnataka,Loamy,6.88,146.17,47.93,128.31,1.16,21.4,470.53,24.38,13,Compost,139.03,Mid growth
Millet,Gujarat,Silty,6.08,153.34,35.85,120.38,1.03,22.88,447.27,22.17,20,DAP,121.05,Mid growth
Sugarcane,Maharashtra,Peaty,6.39,131.11,40.33,104.69,1.42,31.37,1234.73,31.08,4,Compost,163.53,Pre-harvest
Tomato,Andhra Pradesh,Sandy,7.23,155.83,60.64,159.06,1.58,39.36,905.4,18.69,17,Compost,114.93,Pre-harvest
Millet,Tamil Nadu,Loamy,6.63,155.49,28.56,88.8,0.9,33.45,519.15,26.83,18,DAP,152.84,Pre-harvest
Sugarcane,Maharashtra,Clay,7.42,158.51,49.41,152.57,1.29,36.62,1424.41,27.95,19,Compost,108.51,Pre-harvest
Potato,Andhra Pradesh,Loamy,7.21,164.03,63.88,116.22,1.5,35.26,951.63,19.12,20,Compost,80.04,Before sowing
Tomato,Maharashtra,Loamy,6.02,169.02,39.5,158.69,1.21,36.02,633.32,19.06,8,DAP,109.03,Pre-harvest
Soybean,Andhra Pradesh,Loamy,6.33,148.84,41.48,108.07,1.58,20.95,858.0,25.78,19,Compost,108.78,Mid growth
Millet,Tamil Nadu,Silty,6.24,102.72,29.73,118.53,1.42,32.86,481.05,29.57,11,Urea,183.03,Mid growth
Soybean,Andhra Pradesh,Loamy,7.07,124.85,47.62,97.47,1.52,35.56,860.64,29.31,10,Potash,104.95,Pre-harvest
Soybean,Tamil Nadu,Loamy,7.46,153.0,50.14,129.53,1.56,28.49,500.12,30.54,10,Compost,102.93,After sowing
Rice,Maharashtra,Sandy,7.13,173.0,44.87,144.22,1.22,30.67,1191.74,28.16,18,Mixed,187.38,After sowing
Groundnut,Maharashtra,Sandy,6.66,122.0,42.08,126.45,1.39,34.83,842.74,28.81,11,Mixed,99.4,After sowing
Groundnut,Gujarat,Sandy,7.33,126.19,38.97,117.94,1.58,33.79,520.58,28.66,13,Compost,124.46,Mid growth
Maize,Gujarat,Sandy,7.17,141.44,37.18,119.15,1.21,21.83,767.79,23.8,18,Compost,142.38,Pre-harvest
Potato,Gujarat,Clay,6.88,142.94,41.68,149.98,1.67,35.38,857.32,27.24,12,Compost,178.28,Before sowing
Potato,Gujarat,Clay,7.4,178.72,40.25,130.66,1.41,31.77,752.96,21.1,11,DAP,161.34,Pre-harvest
Millet,Tamil Nadu,Silty,7.36,115.31,29.13,127.48,1.04,30.07,769.85,25.39,14,Urea,101.59,Pre-harvest
Tomato,Maharashtra,Loamy,6.42,151.6,61.31,145.24,1.77,24.65,829.51,27.21,7,Compost,126.12,Mid growth
Sugarcane,Tamil Nadu,Loamy,6.43,176.16,51.77,131.71,1.17,29.27,1305.43,28.33,7,Mixed,103.33,Mid growth
Maize,Gujarat,Sandy,7.48,101.4,32.0,104.67,1.3,31.27,421.58,24.4,6,Urea,149.91,After sowing
Sugarcane,Andhra Pradesh,Loamy,6.16,164.45,46.66,113.89,1.04,33.86,1391.59,30.88,14,Compost,123.67,Before sowing
Cotton,Andhra Pradesh,Loamy,6.14,156.98,31.07,149.12,1.55,32.06,613.92,24.76,14,Compost,138.84,Before sowing
Wheat,Karnataka,Loamy,7.38,150.63,38.55,95.15,0.94,34.5,754.62,26.84,10,Potash,122.23,Pre-harvest
Wheat,Karnataka,Silty,7.17,128.82,41.07,101.15,1.27,38.16,464.16,24.49,18,Potash,84.82,After sowing
Potato,Maharashtra,Peaty,7.47,154.76,51.51,144.99,1.28,24.63,929.07,20.71,13,Mixed,123.41,Before sowing
Sugarcane,Andhra Pradesh,Loamy,7.2,135.46,43.18,131.45,1.52,22.06,1302.9,31.09,19,Compost,130.02,Before sowing
Tomato,Andhra Pradesh,Silty,7.29,180.96,63.26,114.62,1.52,21.69,699.06,23.98,17,Compost,142.3,After sowing
Tomato,Tamil Nadu,Silty,6.06,184.37,47.05,125.53,1.55,35.15,856.27,27.87,8,Compost,148.79,Mid growth
Millet,Tamil Nadu,Peaty,7.34,122.99,48.2,84.51,1.21,32.61,777.6,29.73,11,Potash,113.54,Mid growth
Potato,Karnataka,Loamy,6.15,156.34,53.1,136.16,1.77,25.59,898.57,27.14,10,Compost,173.93,Pre-harvest
Millet,Maharashtra,Clay,6.56,154.89,25.78,134.17,1.18,36.7,744.83,21.28,10,DAP,122.56,Before sowing
Millet,Andhra Pradesh,Clay,7.42,131.42,46.22,122.71,1.28,31.06,432.23,27.89,15,Compost,149.64,After sowing
Cotton,Karnataka,Peaty,7.43,166.01,38.24,130.52,1.06,20.23,671.05,29.65,12,DAP,100.42,Before sowing
Millet,Andhra Pradesh,Sandy,5.89,115.54,46.32,127.87,1.14,21.58,427.52,25.72,16,Urea,101.27,Before sowing
Wheat,Andhra Pradesh,Clay,6.38,110.26,30.07,95.82,0.9,34.57,467.92,20.59,8,Urea,194.46,Before sowing
Potato,Gujarat,Clay,7.34,187.62,63.05,114.08,1.28,27.35,741.98,21.3,16,Compost,146.7,Before sowing
Sugarcane,Andhra Pradesh,Peaty,6.84,176.24,59.82,109.91,1.05,32.08,1453.57,26.55,12,Compost,178.02,After sowing
Tomato,Gujarat,Silty,6.85,133.29,48.63,157.57,1.36,24.18,946.24,22.89,9,Compost,114.34,Before sowing
Millet,Andhra Pradesh,Peaty,5.96,146.39,33.05,133.89,0.87,26.15,757.97,22.58,4,DAP,97.72,Before sowing
Tomato,Maharashtra,Clay,6.26,146.68,42.94,136.95,1.61,26.14,725.83,26.37,8,Compost,132.04,After sowing
Maize,Maharashtra,Peaty,6.33,154.49,43.64,123.32,1.31,34.72,464.38,28.24,15,Mixed,160.59,After sowing
Sugarcane,Maharashtra,Silty,6.01,179.5,32.37,107.96,1.02,39.89,977.27,32.53,20,Urea,114.16,Before sowing
Maize,Tamil Nadu,Silty,7.17,134.88,30.11,117.74,1.43,23.19,649.51,26.65,12,Potash,100.79,After sowing
Millet,Gujarat,Silty,6.51,156.56,33.87,128.05,1.46,30.6,503.79,22.77,9,DAP,157.17,After sowing
Tomato,Andhra Pradesh,Clay,6.47,148.76,38.55,128.77,1.66,30.29,802.14,22.0,9,Compost,148.47,Pre-harvest
Cotton,Tamil Nadu,Peaty,5.87,117.69,41.79,101.33,1.28,38.53,534.05,27.15,7,Urea,177.89,Pre-harvest
Cotton,Karnataka,Clay,6.08,126.4,33.04,118.08,1.29,29.09,515.62,25.8,7,DAP,156.5,After sowing
Tomato,Karnataka,Clay,6.4,141.15,53.48,119.77,1.69,31.96,725.04,19.84,11,Compost,159.19,After sowing
Wheat,Tamil Nadu,Sandy,6.47,149.07,36.39,108.63,0.97,25.69,640.86,23.53,6,Potash,155.57,Before sowing
Maize,Andhra Pradesh,Clay,7.31,119.96,36.28,130.56,1.42,32.03,774.82,24.88,17,Urea,132.65,Pre-harvest
Wheat,Andhra Pradesh,Loamy,7.32,143.84,46.31,132.73,1.11,34.93,751.73,22.7,20,Potash,120.51,After sowing
Rice,Tamil Nadu,Sandy,7.1,154.62,30.59,127.55,1.16,33.71,853.51,32.09,9,Urea,113.34,After sowing
Sugarcane,Maharashtra,Peaty,7.47,149.64,48.7,129.23,1.35,35.02,1275.56,29.47,4,Potash,83.74,Mid growth
Wheat,Maharashtra,Peaty,6.47,110.07,28.16,103.53,1.21,34.69,431.18,22.35,16,Urea,104.14,Before sowing
Soybean,Tamil Nadu,Loamy,6.65,144.42,31.2,125.84,1.18,30.14,755.16,27.1,9,DAP,180.8,Mid growth
Soybean,Andhra Pradesh,Loamy,6.38,162.45,47.39,148.32,1.28,35.31,675.0,28.67,5,Mixed,116.56,Mid growth
Potato,Maharashtra,Silty,5.93,158.12,62.26,145.24,1.79,25.66,736.8,22.92,12,Compost,119.86,Pre-harvest
Maize,Karnataka,Sandy,7.43,146.52,35.24,128.03,1.45,30.56,668.29,29.83,16,Potash,140.29,Before sowing
Rice,Gujarat,Clay,7.41,130.1,50.16,127.94,1.66,24.26,1115.06,28.34,19,Compost,186.22,Before sowing
Sugarcane,Karnataka,Peaty,6.75,123.44,58.33,153.98,1.52,30.36,1483.03,32.34,5,Compost,97.75,Pre-harvest
Soybean,Tamil Nadu,Peaty,7.11,160.28,43.18,119.02,1.28,26.66,861.56,26.52,19,Mixed,177.09,After sowing
Groundnut,Maharashtra,Peaty,6.6,138.86,39.56,146.85,1.55,23.2,635.69,24.06,17,Compost,173.44,Before sowing
Tomato,Maharashtra,Silty,6.84,154.73,37.05,120.45,1.44,36.48,843.21,23.21,5,Mixed,99.2,After sowing
Sugarcane,Maharashtra,Silty,6.26,150.31,42.18,127.23,1.17,23.29,843.16,31.22,20,Compost,162.7,After sowing
Sugarcane,Tamil Nadu,Peaty,7.06,138.51,36.0,112.83,1.45,37.5,1055.71,31.48,5,Potash,143.5,Mid growth
Tomato,Karnataka,Silty,6.68,137.58,54.4,139.51,1.63,35.9,986.55,25.42,6,Compost,83.6,Before sowing
Cotton,Karnataka,Silty,6.84,158.87,52.01,132.98,1.11,35.92,627.93,26.86,19,Compost,130.52,Before sowing
Millet,Andhra Pradesh,Clay,6.35,103.53,46.34,110.23,1.32,20.48,730.46,28.29,17,Urea,166.39,Pre-harvest
Tomato,Andhra Pradesh,Silty,6.42,134.87,40.29,112.48,1.54,36.1,894.19,24.42,13,Compost,168.9,Pre-harvest
Cotton,Tamil Nadu,Sandy,6.48,130.15,44.83,144.79,1.51,21.12,638.23,30.84,12,Compost,131.28,Mid growth
Rice,Tamil Nadu,Clay,7.07,158.33,46.27,110.22,1.66,31.77,1244.43,34.57,11,Compost,153.12,Mid growth
Sugarcane,Tamil Nadu,Loamy,6.35,163.97,52.16,149.43,1.08,30.88,960.96,28.23,9,Mixed,146.95,Pre-harvest
Sugarcane,Maharashtra,Peaty,6.05,123.58,49.71,138.02,1.45,33.08,1090.65,30.01,10,Urea,104.19,Pre-harvest
Rice,Karnataka,Clay,7.23,152.51,56.75,110.7,1.76,28.89,1369.22,27.36,6,Compost,177.35,Pre-harvest
Groundnut,Karnataka,Clay,7.33,140.75,53.9,120.66,1.57,31.14,781.76,27.51,14,Compost,181.09,Before sowing
Cotton,Gujarat,Silty,6.62,164.89,43.81,147.0,1.02,25.26,750.37,27.36,9,Potash,199.47,Before sowing
Maize,Maharashtra,Loamy,7.42,132.81,31.73,138.13,0.81,32.09,505.62,26.81,13,Compost,169.23,Pre-harvest
Cotton,Tamil Nadu,Silty,7.24,132.78,34.58,134.63,1.4,35.69,866.74,30.37,8,Potash,83.23,Mid growth
Potato,Karnataka,Clay,6.19,174.75,58.26,147.61,1.32,37.82,810.7,25.9,16,Compost,86.02,Before sowing
Groundnut,Andhra Pradesh,Sandy,6.21,144.75,50.55,143.45,1.19,30.96,545.0,30.69,19,Mixed,167.64,After sowing
Potato,Tamil Nadu,Peaty,7.09,157.75,56.05,129.76,1.45,24.89,820.99,20.73,9,DAP,183.87,After sowing
Wheat,Gujarat,Sandy,6.38,158.58,38.98,80.87,0.83,25.14,432.64,26.69,18,Potash,106.11,After sowing
Wheat,Gujarat,Clay,7.43,136.78,25.3,110.47,1.08,30.54,541.61,23.93,11,DAP,162.26,Mid growth
Groundnut,Gujarat,Clay,5.95,129.29,42.0,90.64,1.5,29.46,570.52,28.35,12,Potash,187.65,Before sowing
Rice,Tamil Nadu,Peaty,6.39,125.93,30.35,152.3,1.8,36.63,1452.38,31.74,17,Compost,87.29,Mid growth
Soybean,Andhra Pradesh,Silty,7.27,150.62,48.42,122.71,1.49,39.89,687.3,32.7,18,Mixed,115.9,Mid growth
Millet,Karnataka,Peaty,7.25,107.21,35.11,85.5,1.34,21.05,614.71,29.17,6,Urea,89.4,After sowing
Rice,Gujarat,Loamy,7.2,170.91,32.92,129.44,1.19,35.47,1176.99,27.57,8,Potash,83.12,Before sowing
Soybean,Karnataka,Sandy,6.39,161.27,32.12,136.93,1.35,22.11,656.18,29.63,12,Compost,195.37,Before sowing
Wheat,Karnataka,Silty,7.36,140.26,43.43,119.42,0.88,30.46,619.88,29.16,5,Urea,112.38,Before sowing
Rice,Andhra Pradesh,Silty,6.69,153.68,32.78,141.51,1.43,31.12,1031.35,29.41,14,Compost,181.8,Pre-harvest
Groundnut,Maharashtra,Sandy,5.88,154.74,47.35,139.43,1.6,37.18,582.44,25.86,16,Compost,199.42,After sowing
Millet,Karnataka,Silty,7.08,124.78,26.76,83.37,1.23,28.03,672.23,23.64,4,DAP,139.51,Mid growth
Cotton,Gujarat,Loamy,7.48,160.78,35.24,99.86,1.27,22.71,870.45,26.54,16,Potash,120.85,Before sowing
Sugarcane,Karnataka,Sandy,6.56,168.08,38.75,134.65,1.73,39.68,1298.07,28.32,10,Compost,131.99,After sowing
Maize,Maharashtra,Clay,6.51,139.41,29.6,97.4,1.48,35.93,639.97,23.27,11,DAP,129.83,After sowing
Tomato,Maharashtra,Sandy,6.02,170.32,42.5,129.15,1.77,37.06,735.36,19.21,12,Compost,126.1,After sowing
Wheat,Tamil Nadu,Silty,6.93,110.25,25.64,100.94,1.11,36.09,433.57,28.37,13,Urea,141.54,Mid growth
Maize,Andhra Pradesh,Clay,7.18,145.9,37.38,99.21,1.19,39.35,682.68,21.79,18,Potash,102.98,Before sowing
Wheat,Gujarat,Peaty,7.48,132.12,33.02,87.49,1.04,36.8,525.01,23.45,8,Potash,90.83,Pre-harvest
Groundnut,Maharashtra,Loamy,6.51,116.78,51.23,137.46,1.19,26.73,706.17,30.55,17,Urea,90.57,Pre-harvest
Sugarcane,Maharashtra,Loamy,6.55,126.42,39.79,122.67,1.45,22.87,1087.77,32.47,17,Urea,91.3,Before sowing
Sugarcane,Karnataka,Loamy,5.85,120.48,44.4,150.58,1.34,36.43,1191.26,32.66,10,Potash,103.58,Mid growth
Potato,Karnataka,Silty,6.12,155.93,41.04,158.48,1.58,30.37,703.01,20.42,18,Compost,176.34,After sowing
Cotton,Karnataka,Peaty,6.04,159.47,36.32,141.83,1.0,37.77,878.73,28.78,7,Compost,98.39,Before sowing
Sugarcane,Maharashtra,Silty,6.16,140.88,45.73,108.16,1.05,35.05,1427.3,34.6,8,Urea,159.03,Pre-harvest
Millet,Gujarat,Loamy,6.86,117.16,37.64,82.98,0.88,38.84,455.41,28.77,11,Urea,118.26,Mid growth
Sugarcane,Tamil Nadu,Silty,7.17,132.93,46.21,132.21,1.07,27.83,808.62,32.85,8,Urea,150.32,After sowing
Potato,Maharashtra,Loamy,5.86,133.12,60.74,146.57,1.6,30.08,975.28,26.54,9,Compost,98.21,Before sowing
Tomato,Andhra Pradesh,Sandy,5.81,184.02,52.29,129.81,1.56,36.41,637.7,21.69,7,Compost,127.79,After sowing
Sugarcane,Karnataka,Clay,6.53,166.51,30.94,128.62,1.09,29.02,851.02,25.18,7,Urea,164.77,Before sowing
Tomato,Karnataka,Silty,5.82,157.24,37.85,141.44,1.38,23.04,830.63,25.02,17,Potash,170.35,After sowing
Tomato,Karnataka,Peaty,7.39,165.13,39.28,112.55,1.52,33.16,797.96,19.14,16,Compost,196.98,After sowing
Wheat,Tamil Nadu,Clay,7.22,133.59,26.13,116.51,1.11,34.6,660.7,27.69,13,DAP,127.63,After sowing
Tomato,Tamil Nadu,Sandy,6.45,176.76,59.6,159.56,1.77,21.97,771.76,21.16,16,Compost,97.67,Mid growth
Wheat,Maharashtra,Silty,6.4,155.17,25.33,101.37,1.37,21.89,697.9,27.76,10,DAP,117.96,Before sowing
Maize,Maharashtra,Silty,7.34,144.99,40.03,118.21,1.35,23.7,649.74,27.76,6,Potash,118.45,Pre-harvest
Groundnut,Tamil Nadu,Loamy,6.11,164.26,34.74,121.29,1.09,23.33,536.4,26.28,19,Mixed,196.47,Mid growth
Maize,Gujarat,Silty,7.4,109.83,49.25,139.62,0.81,39.32,493.19,26.67,13,Urea,115.39,Mid growth
Millet,Andhra Pradesh,Sandy,6.88,108.84,27.24,101.32,1.23,21.27,683.89,24.96,11,Urea,192.7,Before sowing
Tomato,Maharashtra,Loamy,7.25,139.63,62.62,110.85,1.44,37.54,817.12,25.66,19,Potash,116.36,Mid growth
Soybean,Andhra Pradesh,Silty,6.12,138.43,32.96,102.98,1.53,39.96,761.58,31.96,20,Compost,195.93,Before sowing
Groundnut,Maharashtra,Clay,6.44,120.9,51.43,111.01,1.08,21.25,551.06,24.69,14,Potash,148.97,After sowing
Millet,Tamil Nadu,Loamy,6.6,109.11,27.53,91.91,0.83,30.24,439.23,21.59,17,Urea,110.67,After sowing
Maize,Maharashtra,Silty,6.47,103.28,43.04,114.51,1.4,30.53,658.64,23.82,4,Urea,95.72,Before sowing
Maize,Andhra Pradesh,Silty,7.19,126.5,46.29,139.91,1.09,34.0,602.2,25.12,18,Mixed,197.38,Pre-harvest
Potato,Karnataka,Silty,6.08,154.56,50.09,116.15,1.42,23.62,835.98,25.21,19,Urea,161.33,Pre-harvest
Wheat,Gujarat,Silty,7.27,145.29,36.37,102.59,0.93,21.66,588.29,25.35,19,Compost,81.13,Before sowing
Sugarcane,Andhra Pradesh,Sandy,6.72,169.36,52.06,100.5,1.73,37.45,1182.16,26.78,11,Compost,194.9,Before sowing
Soybean,Tamil Nadu,Loamy,6.05,151.11,49.25,129.37,1.47,23.2,598.97,27.6,5,Compost,171.08,Before sowing
Maize,Tamil Nadu,Silty,6.55,141.09,42.62,135.44,0.88,34.06,442.98,21.96,4,Urea,146.53,Mid growth
Sugarcane,Gujarat,Silty,6.34,142.97,53.6,149.38,1.64,27.48,980.21,26.26,20,Compost,197.16,After sowing
Millet,Maharashtra,Loamy,7.19,106.53,38.87,112.87,1.34,23.34,629.69,28.73,19,Urea,143.18,Mid growth
Tomato,Tamil Nadu,Sandy,6.52,166.79,46.33,158.5,1.7,36.38,869.55,20.29,12,Compost,188.86,Pre-harvest
Maize,Karnataka,Peaty,6.91,155.01,39.44,122.07,1.11,22.27,459.47,21.25,15,Urea,159.33,After sowing
Potato,Andhra Pradesh,Sandy,6.29,163.59,62.96,123.93,1.42,38.55,946.34,19.08,16,Potash,193.24,After sowing
Cotton,Tamil Nadu,Sandy,6.93,163.99,35.94,145.32,1.25,21.72,796.15,28.45,10,Potash,95.79,Before sowing
Tomato,Andhra Pradesh,Clay,6.13,153.11,57.59,111.35,1.27,22.49,944.77,20.06,4,Mixed,104.38,Before sowing
Potato,Gujarat,Silty,6.26,146.61,62.13,110.77,1.66,27.54,665.54,26.0,7,Compost,102.82,After sowing
Cotton,Maharashtra,Clay,6.44,140.06,47.64,103.09,1.07,21.0,868.61,25.84,15,Potash,98.1,Before sowing
Groundnut,Maharashtra,Sandy,6.77,155.7,48.3,132.6,1.26,25.26,502.03,28.13,10,Compost,121.47,After sowing
Potato,Andhra Pradesh,Peaty,6.97,150.57,47.16,150.49,1.61,30.0,700.28,20.94,5,Compost,117.69,Before sowing
Soybean,Tamil Nadu,Loamy,6.53,151.81,49.62,137.83,1.28,22.48,794.27,32.41,16,Compost,146.62,After sowing
Potato,Maharashtra,Loamy,7.43,144.84,40.25,113.03,1.78,38.13,928.56,21.6,9,Compost,188.42,Mid growth
Millet,Andhra Pradesh,Silty,7.3,111.21,45.98,97.07,1.48,20.58,478.53,28.62,14,Urea,165.54,After sowing
Groundnut,Karnataka,Loamy,6.92,126.15,48.75,113.91,1.06,27.79,884.49,26.39,19,DAP,138.76,Mid growth
Soybean,Andhra Pradesh,Loamy,6.1,134.19,35.39,131.79,1.01,34.85,595.06,29.6,17,Mixed,130.91,After sowing
Millet,Maharashtra,Silty,7.19,140.63,34.73,125.56,0.94,22.59,793.05,22.06,4,Compost,147.3,Mid growth
Potato,Maharashtra,Peaty,7.39,141.09,50.63,137.79,1.65,38.97,646.69,27.72,20,Compost,146.97,Pre-harvest
Sugarcane,Tamil Nadu,Clay,6.18,178.04,56.6,144.0,1.16,34.87,1490.62,31.71,15,DAP,166.17,Pre-harvest
Maize,Maharashtra,Clay,7.15,110.6,29.58,121.43,1.41,34.03,709.3,26.27,9,Urea,112.74,After sowing
Tomato,Tamil Nadu,Clay,5.99,148.76,40.28,126.93,1.6,27.99,751.64,24.4,13,Compost,140.3,Before sowing
Potato,Gujarat,Peaty,5.91,131.7,54.88,156.92,1.48,21.08,951.71,26.05,14,Mixed,189.69,Pre-harvest
Maize,Tamil Nadu,Peaty,5.94,146.44,38.07,123.92,1.41,34.15,748.2,25.84,19,Compost,92.03,Pre-harvest
Maize,Tamil Nadu,Sandy,6.2,112.2,25.33,128.57,1.23,37.09,479.0,24.61,13,Urea,143.07,Mid growth
Cotton,Gujarat,Sandy,6.08,150.91,42.9,136.9,1.53,23.0,648.77,32.15,9,Compost,198.87,Mid growth
Potato,Tamil Nadu,Sandy,7.05,133.51,50.9,131.25,1.58,22.4,881.69,27.88,8,Compost,83.08,After sowing
Cotton,Maharashtra,Clay,7.15,160.32,53.85,125.74,1.58,28.22,627.25,27.86,20,Compost,190.02,After sowing
Groundnut,Maharashtra,Loamy,6.31,131.92,33.05,129.1,1.47,38.87,611.38,30.6,14,Urea,125.77,Before sowing
Potato,Maharashtra,Sandy,6.51,134.87,59.14,121.54,1.42,34.77,769.67,24.22,8,Mixed,190.29,Pre-harvest
Cotton,Maharashtra,Silty,7.08,111.39,33.45,140.2,1.12,33.07,557.23,32.26,7,Urea,179.19,Mid growth
Groundnut,Gujarat,Peaty,6.06,166.72,48.32,117.11,1.01,38.04,750.72,28.45,11,Urea,147.78,Mid growth
Potato,Karnataka,Silty,6.59,175.59,41.95,119.14,1.61,31.19,792.96,20.33,16,Compost,86.79,Pre-harvest
Rice,Karnataka,Clay,7.17,157.59,41.65,112.36,1.22,24.83,966.93,33.04,11,Urea,182.78,Pre-harvest
Potato,Karnataka,Silty,6.13,157.39,44.08,115.94,1.38,34.03,922.14,22.45,15,DAP,189.5,Before sowing
Soybean,Karnataka,Clay,6.15,110.89,52.6,133.33,1.48,36.9,568.63,29.69,20,Urea,151.33,Pre-harvest
Groundnut,Maharashtra,Clay,7.38,127.45,48.51,131.29,1.18,37.21,633.71,31.14,5,Compost,152.53,Pre-harvest
Wheat,Karnataka,Clay,5.98,118.38,49.84,100.94,1.2,25.47,593.48,24.97,16,Urea,143.61,Mid growth
Tomato,Gujarat,Loamy,6.92,184.51,49.44,133.34,1.57,33.35,704.71,21.03,9,Compost,95.65,Mid growth
Maize,Gujarat,Loamy,6.83,104.14,32.28,137.85,1.49,38.79,476.56,20.96,15,Urea,113.98,Before sowing
Cotton,Andhra Pradesh,Clay,6.81,141.92,49.02,126.21,1.28,29.91,649.7,26.52,15,DAP,107.56,After sowing
Millet,Maharashtra,Peaty,5.96,126.49,39.67,90.53,1.21,28.19,742.28,28.76,13,Potash,197.85,After sowing
Millet,Maharashtra,Peaty,6.94,158.25,25.16,111.43,1.11,39.54,515.92,27.55,9,DAP,179.85,Pre-harvest
Tomato,Karnataka,Loamy,6.9,158.08,40.12,132.05,1.26,25.94,914.56,25.65,7,Mixed,181.37,Pre-harvest
Millet,Tamil Nadu,Loamy,6.74,159.1,32.04,130.17,1.47,32.8,444.85,24.97,4,Compost,183.26,Before sowing
Sugarcane,Karnataka,Loamy,5.95,123.6,45.07,142.36,1.45,38.03,1230.63,32.17,19,Mixed,172.97,After sowing
Tomato,Tamil Nadu,Silty,6.03,178.39,52.66,120.74,1.61,21.65,666.0,25.2,13,Compost,130.95,Before sowing
Maize,Karnataka,Silty,6.98,104.75,42.2,96.64,1.46,36.48,682.02,25.84,8,Urea,160.41,Mid growth
Groundnut,Tamil Nadu,Peaty,7.36,154.93,45.97,97.04,1.13,25.49,899.38,29.96,16,Potash,187.13,After sowing
Wheat,Gujarat,Clay,5.84,129.82,46.39,123.2,0.88,29.58,447.8,24.83,17,Potash,98.42,After sowing
Rice,Karnataka,Peaty,5.9,154.87,36.15,143.07,1.42,26.82,842.07,25.45,19,Mixed,130.98,Mid growth
Wheat,Andhra Pradesh,Loamy,6.62,141.68,27.57,137.96,1.16,21.25,533.44,27.0,14,DAP,194.36,Before sowing
Potato,Gujarat,Loamy,6.32,155.25,43.03,140.57,1.58,36.07,849.38,20.08,15,Compost,186.54,After sowing
Wheat,Maharashtra,Clay,6.48,122.1,48.59,102.15,0.93,25.92,569.28,25.22,16,Compost,93.72,Mid growth
Potato,Andhra Pradesh,Sandy,5.92,181.51,61.59,152.16,1.35,39.18,863.84,26.94,17,Potash,148.26,After sowing
Wheat,Maharashtra,Peaty,7.31,155.64,27.55,139.34,1.45,24.79,450.67,26.72,8,DAP,176.83,Pre-harvest
Rice,Tamil Nadu,Sandy,6.36,121.55,54.02,140.52,1.34,32.87,1390.82,28.97,7,Potash,176.83,After sowing
Groundnut,Karnataka,Silty,6.72,120.32,53.56,115.53,1.04,38.36,532.9,25.09,11,Compost,142.29,After sowing
Sugarcane,Maharashtra,Sandy,6.0,167.04,54.69,139.14,1.18,22.61,927.66,28.41,6,DAP,191.79,Before sowing
Maize,Gujarat,Peaty,6.39,133.89,29.01,137.48,1.01,33.77,652.14,22.73,14,DAP,107.78,Mid growth
Groundnut,Karnataka,Clay,6.21,120.54,54.78,121.0,1.11,25.24,789.75,25.29,12,Potash,184.23,Pre-harvest
Tomato,Gujarat,Clay,6.24,152.4,51.79,119.93,1.49,30.8,748.66,19.62,13,DAP,103.38,Before sowing
Maize,Andhra Pradesh,Sandy,7.19,115.32,35.56,112.33,0.8,20.52,755.38,21.96,15,Urea,185.45,Mid growth
Soybean,Andhra Pradesh,Peaty,6.23,143.58,47.56,124.66,1.11,26.63,507.09,27.8,10,Urea,181.14,Mid growth
Groundnut,Tamil Nadu,Loamy,7.42,158.25,38.57,128.82,1.5,20.48,570.33,28.01,9,Potash,92.06,Mid growth
Sugarcane,Andhra Pradesh,Peaty,5.88,125.14,50.07,108.44,1.77,35.0,908.38,33.8,10,Compost,165.73,After sowing
Cotton,Karnataka,Clay,7.14,157.16,36.61,109.58,1.26,29.43,544.9,24.24,6,Compost,126.31,Before sowing
Millet,Andhra Pradesh,Loamy,5.94,152.78,27.1,104.62,0.92,36.01,575.14,25.48,9,DAP,191.16,Pre-harvest
Sugarcane,Tamil Nadu,Silty,7.25,163.09,39.07,153.57,1.1,39.99,1064.61,25.94,17,Urea,161.56,Mid growth
Sugarcane,Maharashtra,Silty,5.87,167.16,37.85,114.76,1.42,39.27,1436.67,26.46,15,Compost,152.54,Pre-harvest
Wheat,Gujarat,Clay,6.76,152.83,30.21,122.65,1.14,34.36,638.5,24.83,20,Mixed,112.77,Pre-harvest
Rice,Andhra Pradesh,Silty,6.23,167.9,46.48,143.68,1.67,31.78,1136.47,33.9,19,Compost,192.15,After sowing
Tomato,Karnataka,Sandy,7.43,175.38,38.54,140.8,1.3,35.01,941.06,26.34,17,Compost,139.96,Pre-harvest
Rice,Maharashtra,Clay,6.93,133.06,40.56,128.55,1.2,29.42,1039.89,29.05,15,Urea,132.39,Before sowing
Groundnut,Tamil Nadu,Silty,6.73,141.68,44.89,91.5,1.22,25.29,791.15,24.67,11,Potash,190.06,Mid growth
Groundnut,Karnataka,Silty,5.95,156.93,52.98,144.85,1.52,35.87,582.97,31.43,8,Compost,199.12,Mid growth
Soybean,Gujarat,Sandy,5.96,163.04,36.54,121.0,1.17,22.14,769.62,32.77,16,DAP,178.56,Mid growth
Millet,Gujarat,Peaty,5.89,113.98,27.23,118.54,1.24,25.5,596.04,27.52,11,Urea,180.16,Mid growth
Soybean,Maharashtra,Clay,6.66,151.39,39.93,126.89,1.41,20.18,693.05,31.38,11,DAP,199.91,Mid growth
Millet,Maharashtra,Sandy,6.46,123.77,38.79,80.69,1.41,27.4,649.56,23.51,14,Potash,145.97,After sowing
Cotton,Tamil Nadu,Clay,7.01,123.88,41.45,144.2,1.13,30.54,757.7,32.64,8,DAP,130.83,Pre-harvest
Tomato,Tamil Nadu,Silty,6.28,157.83,38.68,153.91,1.72,22.56,684.99,23.56,5,Compost,180.78,After sowing
Groundnut,Karnataka,Silty,7.18,136.21,37.19,125.88,1.14,34.98,568.75,32.55,7,DAP,154.55,Mid growth
Groundnut,Maharashtra,Peaty,7.32,127.81,52.63,124.04,1.0,24.14,858.28,26.38,17,Urea,114.07,Mid growth
Sugarcane,Andhra Pradesh,Clay,6.63,163.01,42.52,131.11,1.42,22.72,1459.22,28.26,12,Compost,103.38,After sowing
Groundnut,Tamil Nadu,Peaty,6.74,154.31,33.25,114.65,1.04,33.32,610.68,32.85,15,DAP,122.03,Before sowing
Tomato,Maharashtra,Sandy,5.91,188.27,63.65,121.09,1.61,37.3,829.19,26.17,9,Compost,154.17,Before sowing
Sugarcane,Gujarat,Loamy,6.64,153.29,30.78,127.24,1.47,22.96,1459.04,29.88,20,Urea,113.72,After sowing
Wheat,Karnataka,Loamy,6.26,110.29,25.83,133.33,0.97,22.7,417.8,20.55,19,Urea,94.03,Mid growth
Soybean,Karnataka,Peaty,6.9,158.05,37.92,111.44,1.13,39.69,675.39,25.19,20,Urea,122.38,Mid growth
Wheat,Gujarat,Loamy,6.09,110.41,40.32,90.18,0.94,28.52,780.98,25.13,13,Urea,113.65,Pre-harvest
Tomato,Maharashtra,Peaty,6.02,140.27,39.16,127.74,1.6,26.22,832.36,21.48,20,Compost,155.07,Mid growth
Soybean,Karnataka,Peaty,6.27,118.46,48.14,144.58,1.58,27.78,555.29,25.5,5,Urea,131.86,Mid growth
Groundnut,Andhra Pradesh,Clay,6.43,150.67,43.35,101.1,1.26,39.9,824.0,28.62,5,DAP,138.93,Mid growth
Rice,Andhra Pradesh,Loamy,6.1,135.44,54.7,118.17,1.69,29.68,818.51,30.12,11,Compost,189.63,After sowing
Tomato,Maharashtra,Clay,5.98,160.88,41.54,128.42,1.46,25.04,751.28,23.09,14,DAP,155.11,Mid growth
Wheat,Gujarat,Peaty,7.3,141.78,47.02,87.56,0.97,32.71,779.34,28.41,19,Potash,175.98,Before sowing
Maize,Andhra Pradesh,Silty,5.86,113.86,27.64,102.2,1.26,36.43,655.29,24.58,15,Urea,158.5,Before sowing
Soybean,Karnataka,Loamy,6.92,144.73,50.47,123.94,1.46,29.35,567.72,25.02,7,Mixed,169.73,Mid growth
Wheat,Tamil Nadu,Peaty,6.64,111.23,45.78,84.4,1.44,35.41,463.59,25.21,12,Urea,132.45,Pre-harvest
Wheat,Maharashtra,Silty,6.62,154.32,44.79,102.1,1.38,22.63,402.79,28.23,13,Potash,92.71,Before sowing
Rice,Karnataka,Loamy,6.35,158.57,56.57,159.49,1.62,38.89,928.1,25.39,17,Compost,114.88,After sowing
Maize,Karnataka,Silty,6.87,157.74,47.89,98.21,1.32,30.18,651.53,20.66,4,Potash,119.94,Mid growth
Cotton,Tamil Nadu,Silty,6.8,156.66,39.34,121.42,1.24,31.42,765.8,24.4,20,Mixed,141.05,Mid growth
Wheat,Andhra Pradesh,Clay,5.96,137.25,32.91,121.67,1.16,22.42,751.47,21.17,17,DAP,126.05,Before sowing
Rice,Karnataka,Silty,7.28,131.61,48.66,115.16,1.5,38.77,1453.24,32.41,8,Compost,122.17,Mid growth
Rice,Karnataka,Clay,6.46,158.1,35.93,123.02,1.12,23.8,1449.92,28.39,4,Potash,122.72,After sowing
Wheat,Andhra Pradesh,Loamy,6.48,112.33,42.06,89.13,1.18,37.69,484.27,23.16,8,Urea,126.66,Mid growth
Groundnut,Maharashtra,Silty,6.5,132.07,36.64,128.74,1.09,27.14,734.03,30.64,18,Urea,113.87,Mid growth
Tomato,Andhra Pradesh,Peaty,6.1,178.7,46.79,117.23,1.47,35.75,606.51,25.35,17,Compost,193.06,Before sowing
Soybean,Gujarat,Peaty,7.46,117.6,54.82,103.89,1.57,29.46,876.07,32.96,14,Urea,152.76,Pre-harvest
Maize,Karnataka,Silty,7.09,157.02,43.92,113.92,1.33,34.68,519.24,21.82,19,Urea,111.02,Before sowing
Groundnut,Maharashtra,Peaty,7.04,153.47,54.08,127.28,1.06,38.92,793.46,27.46,15,Potash,179.9,Before sowing
Soybean,Gujarat,Silty,6.63,123.34,52.07,104.85,1.28,24.46,806.44,26.04,5,Compost,168.49,Pre-harvest
Maize,Andhra Pradesh,Silty,7.44,112.91,30.18,85.96,1.0,38.77,433.39,25.58,6,Urea,93.98,After sowing
Potato,Karnataka,Peaty,7.09,147.28,39.61,140.38,1.28,36.8,956.67,27.81,13,Potash,100.48,Before sowing
Millet,Gujarat,Clay,7.24,159.7,35.3,91.33,0.99,25.41,477.52,25.56,10,Potash,166.53,After sowing
Groundnut,Karnataka,Silty,7.42,134.16,43.26,134.41,1.59,30.47,660.34,24.86,13,Compost,115.93,Before sowing
Sugarcane,Andhra Pradesh,Clay,6.65,166.71,42.92,153.32,1.54,37.67,1290.79,31.83,5,Compost,132.11,Pre-harvest
Maize,Karnataka,Sandy,6.97,119.38,25.85,117.62,0.87,34.47,460.06,27.82,5,Urea,138.33,Mid growth
Wheat,Tamil Nadu,Peaty,7.27,117.53,26.56,91.53,1.0,23.94,514.01,29.13,8,Urea,107.44,After sowing
Tomato,Andhra Pradesh,Loamy,6.15,159.03,59.65,119.8,1.21,33.56,603.37,23.89,9,DAP,191.02,Mid growth
Soybean,Gujarat,Clay,6.33,152.83,32.16,143.75,1.21,33.24,528.9,24.6,20,Mixed,111.36,Mid growth
Groundnut,Maharashtra,Peaty,6.53,149.22,33.61,113.33,1.13,21.95,660.74,31.5,6,DAP,105.33,After sowing
Potato,Gujarat,Loamy,6.73,156.19,61.0,110.08,1.64,23.8,645.7,23.31,5,Compost,171.5,After sowing
Potato,Gujarat,Sandy,6.22,145.71,52.55,150.83,1.26,30.28,705.7,22.73,7,Mixed,138.99,Pre-harvest
Potato,Karnataka,Loamy,5.95,151.94,62.74,154.33,1.56,32.12,688.49,25.04,18,Compost,116.81,Mid growth
Potato,Maharashtra,Peaty,6.02,132.77,42.57,119.34,1.44,22.02,773.2,19.78,20,Urea,82.39,Before sowing
Groundnut,Tamil Nadu,Loamy,7.19,136.59,39.0,127.44,1.46,37.61,626.03,24.64,20,Compost,99.42,Mid growth
Rice,Tamil Nadu,Silty,5.94,129.77,31.66,132.45,1.4,30.0,873.91,26.47,4,Mixed,163.13,Pre-harvest
Millet,Gujarat,Loamy,6.65,139.13,38.71,135.36,1.48,27.63,782.35,25.47,12,DAP,166.52,After sowing
Soybean,Gujarat,Silty,7.09,168.17,32.93,95.07,1.6,36.37,697.71,27.82,16,Potash,120.39,After sowing
Cotton,Gujarat,Silty,6.39,155.04,37.64,102.04,1.06,26.5,569.29,29.7,18,Urea,181.62,Before sowing
Potato,Karnataka,Sandy,7.19,144.3,57.4,139.84,1.66,31.68,917.24,24.76,20,Compost,90.18,Pre-harvest
Potato,Andhra Pradesh,Sandy,7.06,142.64,55.35,141.59,1.55,21.11,739.4,23.69,15,Compost,173.61,Pre-harvest
Tomato,Gujarat,Clay,5.85,133.79,49.87,130.11,1.24,34.53,824.59,19.29,13,Potash,132.8,Pre-harvest
Maize,Tamil Nadu,Sandy,5.86,138.34,41.93,108.0,0.87,21.0,572.93,26.22,14,Mixed,188.09,After sowing
Potato,Andhra Pradesh,Silty,6.66,160.81,41.84,129.31,1.29,32.05,918.4,25.52,12,Mixed,155.65,Mid growth
Groundnut,Andhra Pradesh,Loamy,5.86,124.76,41.3,115.79,1.19,23.08,522.39,30.24,12,Compost,91.59,Pre-harvest
Tomato,Maharashtra,Sandy,5.92,157.0,64.42,116.05,1.59,29.8,949.15,27.48,20,Compost,167.01,After sowing
Wheat,Maharashtra,Clay,6.46,152.76,27.08,87.29,1.01,27.24,664.42,29.55,5,DAP,88.81,Before sowing
Sugarcane,Andhra Pradesh,Sandy,5.87,165.67,39.66,124.6,1.78,33.53,1012.24,26.91,10,Compost,112.04,Before sowing
Potato,Tamil Nadu,Peaty,5.83,163.26,60.26,146.15,1.24,37.13,909.59,24.94,6,Urea,161.26,Before sowing
Sugarcane,Maharashtra,Loamy,7.32,136.57,41.65,147.18,1.48,24.87,1293.69,32.54,18,Urea,121.67,Mid growth
Potato,Tamil Nadu,Peaty,7.23,139.12,40.41,135.06,1.69,34.82,811.84,19.99,12,Compost,175.09,Mid growth
Wheat,Gujarat,Loamy,6.04,129.74,25.31,131.03,1.02,34.34,571.99,21.99,7,DAP,120.18,Pre-harvest
Potato,Karnataka,Peaty,7.26,188.98,43.69,159.94,1.76,26.13,803.86,22.49,17,Compost,111.24,After sowing
Tomato,Maharashtra,Sandy,7.1,166.18,44.93,116.38,1.37,29.92,756.94,18.01,11,DAP,110.65,Mid growth
Cotton,Karnataka,Peaty,6.16,126.11,45.76,95.65,1.19,38.48,557.23,31.07,17,Potash,123.52,Pre-harvest
Wheat,Gujarat,Silty,6.15,108.26,47.6,128.82,1.2,25.47,517.37,20.91,6,Urea,187.49,Before sowing
Soybean,Tamil Nadu,Clay,6.35,147.69,39.12,115.32,1.57,22.53,535.04,25.82,8,Compost,128.41,Before sowing
Potato,Gujarat,Silty,6.9,157.13,43.85,150.27,1.75,27.75,612.02,24.45,5,Compost,167.19,Pre-harvest
Rice,Maharashtra,Peaty,6.85,177.32,43.75,151.97,1.45,35.91,1339.64,28.29,16,Potash,136.29,Mid growth
Rice,Maharashtra,Silty,5.88,179.75,50.29,150.99,1.27,38.12,1341.93,27.27,12,DAP,85.44,After sowing
Wheat,Karnataka,Silty,7.46,135.33,25.82,113.49,1.44,20.43,559.7,22.33,8,DAP,189.33,Before sowing
Potato,Andhra Pradesh,Clay,6.63,168.96,50.42,149.66,1.7,35.0,838.17,20.82,18,Compost,83.57,Before sowing
Rice,Maharashtra,Sandy,6.35,161.96,40.95,159.35,1.06,25.09,1074.07,29.76,16,DAP,95.72,After sowing
Rice,Gujarat,Sandy,5.99,147.17,59.15,127.8,1.35,38.16,935.51,32.13,5,Urea,94.24,Before sowing
Maize,Andhra Pradesh,Sandy,6.45,115.39,49.86,120.76,1.09,25.08,720.19,27.34,10,Urea,131.73,Pre-harvest
Cotton,Karnataka,Peaty,6.96,156.17,45.99,146.49,1.59,25.6,802.12,28.46,12,Compost,156.55,Mid growth
Tomato,Andhra Pradesh,Peaty,6.78,135.17,61.43,153.39,1.48,27.1,911.95,20.34,7,Urea,146.23,Pre-harvest
Rice,Gujarat,Silty,6.97,144.63,42.8,142.9,1.26,22.89,1280.63,32.64,12,Mixed,132.69,Pre-harvest
Sugarcane,Maharashtra,Clay,6.27,120.25,58.8,131.34,1.05,27.72,868.18,29.59,4,Mixed,82.92,Pre-harvest
Millet,Andhra Pradesh,Loamy,7.02,155.92,35.86,112.52,0.84,38.91,604.25,23.31,14,DAP,129.26,Before sowing
Potato,Maharashtra,Silty,6.76,162.11,63.47,124.84,1.7,21.45,969.81,25.45,7,Compost,130.33,After sowing
Soybean,Maharashtra,Loamy,6.18,164.97,30.76,111.18,1.28,29.09,816.11,30.12,14,DAP,176.4,Mid growth
Potato,Tamil Nadu,Loamy,6.96,168.96,52.07,116.7,1.75,22.12,914.48,21.26,6,Compost,168.72,After sowing
Potato,Gujarat,Peaty,6.74,141.2,55.1,132.75,1.65,31.66,995.42,18.37,4,Compost,191.73,Before sowing
Groundnut,Gujarat,Peaty,7.12,110.66,38.82,139.98,1.18,39.03,553.63,31.14,11,Urea,150.59,Mid growth
Millet,Maharashtra,Peaty,6.45,124.3,41.66,94.04,1.02,32.73,502.23,29.1,10,Potash,167.12,After sowing
Rice,Karnataka,Loamy,6.3,120.02,45.93,117.13,1.56,20.5,946.75,25.64,7,Compost,112.64,Pre-harvest
Potato,Maharashtra,Loamy,6.98,175.36,57.85,124.28,1.72,29.68,685.06,26.92,14,Compost,199.69,After sowing
Millet,Maharashtra,Silty,6.14,145.77,44.43,97.04,0.86,24.15,725.0,27.76,8,Potash,187.92,Mid growth
Millet,Maharashtra,Peaty,6.52,125.23,41.09,99.3,0.91,39.2,424.45,22.09,4,Potash,147.99,Pre-harvest
Cotton,Maharashtra,Sandy,6.09,121.45,42.18,127.92,1.5,24.48,644.61,28.21,14,Compost,197.09,Pre-harvest
Millet,Tamil Nadu,Silty,6.03,142.8,32.52,86.5,1.33,37.48,705.11,27.9,9,Potash,93.63,Before sowing
Wheat,Gujarat,Clay,7.36,141.18,32.39,135.52,0.94,34.88,450.73,21.85,11,DAP,93.81,After sowing
Millet,Karnataka,Sandy,5.98,120.92,35.99,91.31,1.49,37.13,488.02,28.29,18,Potash,117.8,Mid growth
Sugarcane,Gujarat,Peaty,6.3,141.08,51.02,109.68,1.68,38.33,1005.6,29.98,17,Compost,175.25,Pre-harvest
Millet,Andhra Pradesh,Sandy,6.06,138.35,37.07,109.9,1.47,27.58,699.3,20.84,11,DAP,139.1,Pre-harvest
Groundnut,Andhra Pradesh,Peaty,7.32,136.12,36.25,105.21,1.18,39.93,523.25,25.11,9,Compost,122.96,Pre-harvest
Wheat,Gujarat,Silty,6.19,146.96,41.79,82.53,1.47,24.8,549.62,26.37,7,Potash,170.7,Mid growth
Millet,Karnataka,Peaty,7.38,107.25,36.07,95.41,0.98,36.41,651.89,24.04,8,Urea,176.22,Pre-harvest
Groundnut,Maharashtra,Silty,7.18,149.34,46.58,139.13,1.08,29.6,849.07,31.45,17,Potash,195.34,Before sowing
Groundnut,Andhra Pradesh,Loamy,6.15,147.71,33.24,116.03,1.24,28.31,725.39,31.22,17,Mixed,154.63,After sowing
Wheat,Maharashtra,Clay,6.67,116.31,33.91,83.06,1.03,36.71,619.98,26.42,10,Urea,158.78,Pre-harvest
Tomato,Andhra Pradesh,Loamy,7.43,188.59,39.96,130.06,1.76,39.01,910.04,20.34,6,Compost,155.46,Before sowing
Rice,Karnataka,Sandy,6.38,159.33,40.81,157.06,1.74,22.13,1447.99,28.48,8,Compost,179.57,Before sowing
Soybean,Andhra Pradesh,Sandy,5.89,145.43,54.75,138.75,1.21,38.98,601.5,25.01,9,Urea,165.34,Pre-harvest
Maize,Andhra Pradesh,Peaty,6.66,110.18,31.66,137.24,1.23,28.68,693.0,28.96,12,Urea,107.34,Mid growth
Cotton,Andhra Pradesh,Sandy,7.42,127.7,37.97,108.42,1.59,37.28,549.25,30.94,20,Compost,115.89,Mid growth
Rice,Tamil Nadu,Sandy,6.64,166.28,44.98,101.73,1.74,31.03,1346.45,32.18,6,Compost,99.21,After sowing
Rice,Andhra Pradesh,Sandy,6.37,136.43,59.74,144.99,1.32,34.18,1488.56,27.42,11,DAP,88.9,Mid growth
Tomato,Karnataka,Loamy,7.05,130.46,49.71,154.27,1.71,35.27,976.61,23.65,15,Compost,158.25,Pre-harvest
Wheat,Tamil Nadu,Loamy,6.09,102.19,29.55,116.97,1.27,22.21,622.2,22.02,9,Urea,114.41,After sowing
Cotton,Andhra Pradesh,Sandy,6.81,140.11,33.55,111.51,1.13,31.11,896.7,30.56,7,Potash,92.96,Before sowing
Tomato,Andhra Pradesh,Silty,6.38,173.7,54.06,149.02,1.52,28.07,943.71,27.43,13,Compost,99.5,Pre-harvest
Rice,Karnataka,Clay,6.06,163.74,47.2,143.67,1.36,26.48,1114.93,34.51,7,Urea,147.93,Before sowing
Wheat,Gujarat,Loamy,6.08,140.0,38.29,131.62,1.2,22.16,470.58,26.56,8,Compost,169.37,After sowing
Wheat,Maharashtra,Clay,7.38,132.86,47.88,81.35,1.32,38.28,763.52,26.46,6,Potash,122.73,Before sowing
Maize,Tamil Nadu,Loamy,7.42,157.04,33.22,138.38,1.41,33.24,485.44,24.19,12,DAP,154.47,After sowing
Cotton,Karnataka,Loamy,6.67,150.4,36.91,104.29,1.44,34.8,589.32,30.47,5,Mixed,158.78,Before sowing
Wheat,Andhra Pradesh,Clay,5.91,112.46,29.64,110.0,1.3,27.71,692.93,29.82,15,Urea,154.79,After sowing
Millet,Tamil Nadu,Peaty,6.28,156.58,42.94,132.28,1.37,29.86,407.66,26.12,9,Potash,155.67,Mid growth
Rice,Maharashtra,Clay,5.98,145.06,42.86,119.7,1.02,27.0,940.9,29.03,17,Compost,167.12,Before sowing
Soybean,Karnataka,Loamy,5.96,138.44,36.95,113.48,1.37,34.25,843.89,32.57,7,DAP,138.34,Mid growth
Maize,Tamil Nadu,Sandy,6.78,122.04,35.4,124.91,1.3,32.07,667.48,27.15,18,Mixed,147.0,After sowing
Millet,Maharashtra,Clay,5.92,143.8,45.16,134.05,0.97,28.05,798.75,28.48,5,Potash,100.38,Pre-harvest
Sugarcane,Karnataka,Sandy,7.24,123.7,43.38,139.62,1.6,32.96,966.78,25.17,13,Compost,132.35,After sowing
Cotton,Tamil Nadu,Clay,6.14,117.08,52.92,112.48,1.54,26.52,774.57,24.63,13,Urea,106.57,Before sowing
Tomato,Karnataka,Sandy,7.48,172.36,63.67,122.36,1.54,20.85,934.27,26.44,15,Compost,115.32,Pre-harvest
Tomato,Tamil Nadu,Loamy,7.17,130.18,54.14,134.54,1.44,37.74,649.89,24.14,15,Mixed,115.05,Mid growth
Soybean,Tamil Nadu,Sandy,5.89,124.8,49.93,101.63,1.09,39.53,643.07,24.68,16,Potash,146.52,Before sowing
Cotton,Gujarat,Peaty,6.38,163.02,40.67,133.67,1.49,22.5,850.23,29.01,15,Mixed,129.18,Pre-harvest
Rice,Maharashtra,Silty,6.06,124.34,32.9,152.6,1.44,38.14,1394.7,27.5,20,DAP,173.1,Pre-harvest
Sugarcane,Gujarat,Peaty,7.35,141.22,51.97,145.18,1.68,31.38,963.59,25.41,18,Compost,134.0,Mid growth
Rice,Gujarat,Loamy,6.04,141.03,35.34,149.47,1.71,24.36,925.81,29.52,15,Compost,150.3,After sowing
Soybean,Gujarat,Clay,6.22,131.43,39.65,142.93,1.22,38.68,801.6,26.43,15,Compost,128.02,Pre-harvest
Soybean,Gujarat,Silty,5.91,140.19,35.19,145.96,1.19,26.13,783.41,24.23,17,Urea,193.45,Pre-harvest
Cotton,Tamil Nadu,Loamy,5.84,112.98,46.66,147.33,1.49,35.4,569.97,26.5,8,Urea,175.53,Before sowing
Sugarcane,Karnataka,Sandy,6.02,131.47,43.66,128.58,1.58,28.96,1336.38,31.03,4,Compost,151.81,After sowing
Sugarcane,Maharashtra,Silty,6.0,163.14,42.74,104.16,1.1,30.84,1073.16,32.31,16,DAP,112.33,Before sowing
Potato,Karnataka,Peaty,6.52,183.74,39.08,132.78,1.67,26.02,923.54,23.34,20,Compost,155.43,Mid growth
Millet,Maharashtra,Peaty,7.46,136.38,35.79,132.13,1.32,34.25,465.65,21.66,14,Compost,102.07,Mid growth
Groundnut,Gujarat,Silty,6.3,118.63,35.44,93.05,1.29,31.51,621.12,28.55,14,Urea,89.21,Before sowing
Soybean,Maharashtra,Peaty,7.33,125.45,54.88,98.18,1.6,27.16,894.64,29.7,17,Potash,158.84,Pre-harvest
Maize,Gujarat,Peaty,6.71,113.91,47.34,102.48,1.36,26.36,633.35,25.52,7,Urea,170.12,Before sowing
Tomato,Tamil Nadu,Sandy,7.37,185.6,35.41,145.19,1.36,38.82,850.92,18.6,7,Urea,187.82,After sowing
Wheat,Andhra Pradesh,Silty,6.57,100.85,31.28,125.04,0.92,39.91,739.69,23.95,18,Urea,87.85,Mid growth
Soybean,Karnataka,Clay,6.61,165.86,33.6,127.24,1.3,37.54,607.97,28.93,11,Compost,88.2,Pre-harvest
Groundnut,Andhra Pradesh,Clay,6.11,168.08,38.94,134.33,1.11,34.37,559.04,27.73,9,Compost,167.69,Before sowing
Potato,Tamil Nadu,Sandy,6.48,174.37,59.46,115.02,1.46,23.95,665.35,18.45,10,Potash,95.08,Pre-harvest
Millet,Tamil Nadu,Loamy,6.1,121.78,42.52,89.3,0.82,21.67,680.2,29.63,14,Potash,116.21,Mid growth
Sugarcane,Karnataka,Clay,6.99,125.87,46.88,142.57,1.03,24.57,1208.94,34.84,17,Mixed,178.65,Mid growth
Rice,Andhra Pradesh,Loamy,6.49,165.71,50.01,124.56,1.06,23.72,1197.0,29.23,6,Mixed,133.99,Pre-harvest
Soybean,Karnataka,Silty,6.21,134.72,32.66,110.22,1.11,21.63,755.7,25.68,18,Urea,161.1,Pre-harvest
Wheat,Gujarat,Sandy,5.95,107.46,31.3,129.8,1.37,27.17,438.23,20.55,5,Urea,91.53,Pre-harvest
Millet,Maharashtra,Sandy,5.82,146.11,41.73,120.17,1.27,25.76,504.37,20.99,8,Compost,94.01,Before sowing
Potato,Karnataka,Clay,6.37,186.4,64.07,132.61,1.41,20.95,866.24,27.71,7,Mixed,186.46,Before sowing
Maize,Andhra Pradesh,Peaty,6.16,148.69,26.7,101.49,0.89,20.72,776.55,23.76,7,DAP,149.94,Pre-harvest
Tomato,Gujarat,Sandy,6.99,160.2,48.1,147.16,1.3,23.49,930.39,26.82,20,Potash,190.62,Mid growth
Tomato,Tamil Nadu,Silty,7.21,158.13,43.74,127.96,1.64,20.43,800.46,24.56,9,Compost,86.19,After sowing
Wheat,Maharashtra,Sandy,6.21,130.0,37.1,97.28,1.27,32.16,757.35,28.09,9,Potash,82.45,After sowing
Sugarcane,Karnataka,Clay,6.36,120.0,45.79,120.86,1.16,33.11,950.99,34.89,10,DAP,95.23,Pre-harvest
Soybean,Karnataka,Peaty,7.08,139.63,52.34,105.2,1.11,32.34,807.4,32.79,9,Urea,132.79,Before sowing
Sugarcane,Karnataka,Peaty,6.91,157.52,44.14,109.14,1.73,35.99,849.78,33.22,8,Compost,132.48,Mid growth
Soybean,Karnataka,Loamy,6.57,154.42,41.68,124.23,1.19,31.02,853.55,27.37,9,Urea,152.34,Before sowing
Cotton,Karnataka,Loamy,7.06,133.8,30.32,119.35,1.01,26.33,760.31,25.13,14,DAP,185.94,Pre-harvest
Cotton,Tamil Nadu,Sandy,6.81,145.19,40.95,111.13,1.39,39.33,737.22,28.55,7,Mixed,159.04,After sowing
Potato,Tamil Nadu,Peaty,6.86,133.4,42.93,141.52,1.51,20.95,743.42,24.58,20,Compost,150.13,Mid growth
Sugarcane,Karnataka,Silty,6.5,179.38,33.76,125.06,1.65,28.16,1099.29,27.34,5,Compost,117.24,Before sowing
Cotton,Karnataka,Sandy,6.88,143.48,34.85,113.77,1.48,26.76,668.63,31.3,18,Urea,95.03,Mid growth
Rice,Gujarat,Sandy,6.08,141.9,31.01,146.6,1.23,36.05,817.3,34.11,18,Potash,106.12,Pre-harvest
Sugarcane,Karnataka,Loamy,7.43,160.31,44.69,106.07,1.55,25.96,922.18,26.74,19,Compost,110.12,Before sowing
Wheat,Andhra Pradesh,Clay,7.2,107.15,33.44,125.3,1.39,29.6,526.95,26.73,11,Urea,87.64,Mid growth
Tomato,Karnataka,Peaty,7.25,132.58,38.45,148.85,1.6,27.34,673.11,18.83,14,Compost,105.22,Mid growth
Cotton,Andhra Pradesh,Loamy,6.04,111.07,40.76,117.07,1.25,35.62,572.05,26.89,20,Urea,171.47,Pre-harvest
Wheat,Maharashtra,Sandy,6.12,143.63,39.92,131.23,0.94,23.87,786.36,24.12,10,DAP,191.82,Pre-harvest
Groundnut,Andhra Pradesh,Loamy,6.86,162.85,34.35,123.6,1.26,23.23,572.1,30.64,17,DAP,82.07,Mid growth
Wheat,Tamil Nadu,Clay,6.41,139.71,43.48,131.27,1.16,32.74,707.39,23.83,13,Urea,99.91,Before sowing
Millet,Tamil Nadu,Peaty,5.95,138.21,32.71,102.54,0.96,22.42,504.06,27.93,14,Potash,156.81,Pre-harvest
Millet,Karnataka,Sandy,7.02,134.21,45.01,129.35,1.23,34.85,588.99,26.28,20,Potash,158.55,After sowing
Sugarcane,Karnataka,Loamy,5.87,141.9,57.75,157.68,1.8,35.85,1396.2,26.43,12,Compost,103.36,Before sowing
Sugarcane,Andhra Pradesh,Silty,6.06,144.19,40.53,137.98,1.43,25.29,1076.67,30.52,5,Urea,151.86,Pre-harvest
Groundnut,Maharashtra,Loamy,6.32,168.32,42.51,132.77,1.53,20.67,687.34,27.58,19,Compost,129.13,Before sowing
Sugarcane,Karnataka,Silty,7.3,126.28,39.39,148.28,1.16,23.31,957.94,34.74,8,DAP,195.34,After sowing
Groundnut,Maharashtra,Sandy,7.06,130.99,45.44,146.64,1.33,31.11,571.93,24.96,13,Mixed,93.28,Before sowing
Maize,Maharashtra,Silty,7.11,145.29,48.8,108.72,0.83,28.82,726.39,29.64,19,Mixed,119.38,Pre-harvest
Maize,Tamil Nadu,Sandy,6.52,157.78,44.52,109.5,1.35,39.69,506.89,28.19,18,Potash,169.88,Mid growth
Tomato,Maharashtra,Clay,6.07,131.83,39.29,112.34,1.74,27.82,727.08,22.47,15,Compost,129.1,Before sowing
Soybean,Karnataka,Peaty,7.49,156.12,51.01,141.26,1.23,31.57,834.19,32.23,19,Urea,92.19,Mid growth
Potato,Gujarat,Sandy,7.23,130.38,51.5,113.83,1.3,34.1,750.93,18.16,5,Urea,144.56,Before sowing
Maize,Tamil Nadu,Peaty,6.01,105.14,36.04,81.26,1.45,37.43,722.94,25.98,4,Urea,100.02,Before sowing
Sugarcane,Tamil Nadu,Loamy,6.65,169.95,32.28,128.06,1.49,38.3,1456.67,30.74,8,Potash,150.05,Mid growth
Sugarcane,Tamil Nadu,Loamy,6.24,144.58,55.38,130.53,1.41,30.28,1170.96,33.63,13,Compost,139.31,Before sowing
Groundnut,Maharashtra,Clay,6.25,130.18,47.27,107.89,1.19,37.75,612.39,24.66,20,Potash,190.32,Before sowing
Sugarcane,Karnataka,Silty,7.11,141.49,32.7,155.53,1.32,38.04,1363.21,25.28,14,DAP,181.0,Before sowing
Soybean,Maharashtra,Clay,6.93,124.58,49.43,117.71,1.17,21.4,501.53,30.74,20,Potash,87.52,Before sowing
Potato,Gujarat,Peaty,6.72,180.45,63.1,137.38,1.65,27.02,777.56,22.34,11,Compost,171.84,Pre-harvest
Sugarcane,Gujarat,Clay,7.14,152.41,55.74,126.37,1.7,33.01,811.03,28.12,20,Compost,173.18,Pre-harvest
Wheat,Andhra Pradesh,Clay,5.96,125.67,37.46,116.79,1.18,37.11,617.59,20.04,9,Urea,198.28,After sowing
Soybean,Andhra Pradesh,Loamy,5.88,144.04,51.85,135.35,1.1,31.7,500.32,28.41,10,Compost,179.73,Mid growth
Millet,Andhra Pradesh,Clay,7.49,130.67,32.09,116.79,1.03,26.13,624.92,27.79,15,Urea,139.87,Before sowing
Groundnut,Maharashtra,Sandy,7.27,115.47,47.44,141.39,1.19,34.01,800.26,29.28,17,Urea,98.51,Before sowing
Potato,Gujarat,Sandy,7.0,147.63,37.94,146.28,1.75,31.53,962.45,20.51,4,Compost,95.59,Mid growth
Rice,Maharashtra,Peaty,6.59,150.27,35.65,129.85,1.22,27.29,1390.08,32.53,20,Compost,186.74,After sowing
Potato,Tamil Nadu,Silty,6.09,140.9,54.34,132.16,1.56,37.68,910.96,21.51,4,Compost,165.82,Before sowing
Rice,Andhra Pradesh,Peaty,6.79,167.54,54.91,143.06,1.46,23.95,1278.42,31.48,12,Urea,92.58,Pre-harvest
Groundnut,Karnataka,Loamy,6.66,168.13,36.2,141.57,1.29,25.56,851.4,29.44,17,Compost,167.3,Pre-harvest
Wheat,Maharashtra,Clay,7.04,128.56,41.13,96.05,0.92,26.51,413.76,29.07,18,Potash,169.72,After sowing
Potato,Andhra Pradesh,Peaty,6.47,145.48,45.37,139.21,1.69,20.09,876.66,20.36,12,Compost,159.93,Mid growth
Rice,Gujarat,Silty,6.21,174.83,55.4,154.95,1.45,38.92,1424.49,32.7,10,Mixed,180.91,Before sowing
Tomato,Andhra Pradesh,Sandy,6.13,169.14,56.73,126.04,1.6,20.19,642.2,24.49,18,Compost,92.91,Pre-harvest
Tomato,Maharashtra,Peaty,7.22,179.46,56.21,121.68,1.55,38.16,742.63,20.99,13,Compost,103.54,After sowing
Groundnut,Andhra Pradesh,Sandy,6.39,140.83,40.43,103.93,1.02,28.46,658.78,27.64,10,Potash,171.15,Mid growth
Cotton,Maharashtra,Clay,6.07,116.23,44.37,139.36,1.49,24.21,799.33,27.15,5,Urea,94.79,Mid growth
Sugarcane,Karnataka,Peaty,6.76,125.96,50.01,147.49,1.78,36.9,1032.98,29.18,14,Compost,192.37,Before sowing
Tomato,Gujarat,Silty,6.52,151.04,44.61,144.01,1.23,36.0,800.8,22.08,12,Compost,91.16,Before sowing
Groundnut,Gujarat,Loamy,7.36,160.31,32.0,108.05,1.05,30.12,690.24,30.0,4,Compost,177.14,Pre-harvest
Wheat,Tamil Nadu,Loamy,6.74,149.6,48.11,98.51,1.48,24.11,556.03,22.17,12,Potash,158.0,Mid growth
Potato,Tamil Nadu,Sandy,7.04,157.39,54.86,126.53,1.37,29.46,775.45,22.2,11,Potash,151.79,After sowing
Sugarcane,Gujarat,Loamy,6.45,135.02,34.22,133.45,1.29,39.77,824.6,32.17,20,Compost,94.51,Mid growth
Sugarcane,Gujarat,Clay,7.41,163.33,52.29,144.69,1.75,27.96,1028.62,27.75,13,Compost,195.41,Before sowing
Rice,Maharashtra,Loamy,6.26,162.11,50.22,109.69,1.72,32.73,1007.59,29.72,7,Compost,123.35,Pre-harvest
Rice,Tamil Nadu,Peaty,7.29,134.56,55.21,107.23,1.45,23.95,1167.55,34.6,10,DAP,114.72,Pre-harvest
Rice,Maharashtra,Clay,5.81,120.07,52.5,157.73,1.57,39.87,945.44,33.33,7,Compost,168.26,Pre-harvest
Tomato,Maharashtra,Sandy,6.64,189.31,41.23,115.19,1.46,30.03,923.48,20.11,11,Compost,97.14,Pre-harvest
Cotton,Andhra Pradesh,Silty,6.17,137.29,54.22,96.46,1.26,23.17,681.45,25.36,11,Potash,131.88,Pre-harvest
Sugarcane,Andhra Pradesh,Loamy,6.66,156.39,58.27,132.37,1.49,28.98,947.51,27.61,20,DAP,176.2,Before sowing
Potato,Andhra Pradesh,Peaty,6.9,150.0,62.78,153.28,1.45,37.15,731.54,18.57,13,Compost,144.16,After sowing
Soybean,Andhra Pradesh,Sandy,6.83,128.91,46.14,91.75,1.17,21.26,785.93,25.82,7,Potash,176.59,After sowing
Wheat,Gujarat,Sandy,7.48,134.89,45.33,117.93,1.2,26.99,713.84,22.87,13,Potash,196.83,After sowing
Wheat,Tamil Nadu,Clay,5.86,107.88,36.95,115.42,1.33,36.95,402.23,21.38,18,Urea,180.91,Pre-harvest
Rice,Tamil Nadu,Clay,6.28,137.89,36.77,111.61,1.3,28.43,833.69,28.08,17,Potash,120.06,After sowing
Soybean,Tamil Nadu,Sandy,6.89,132.3,52.4,109.03,1.51,23.5,724.92,32.84,19,Compost,146.74,After sowing
Groundnut,Karnataka,Sandy,6.34,163.31,40.7,115.23,1.05,34.28,804.57,27.54,14,Compost,135.9,Pre-harvest
Sugarcane,Tamil Nadu,Peaty,6.2,122.41,57.27,138.59,1.7,30.6,896.92,32.9,12,Compost,138.34,After sowing
Rice,Tamil Nadu,Clay,6.53,121.49,48.43,124.16,1.01,20.96,1224.7,30.23,20,Urea,122.86,After sowing
Millet,Gujarat,Clay,7.15,128.11,28.01,111.44,1.36,28.51,454.68,20.78,12,DAP,93.55,After sowing
Rice,Tamil Nadu,Silty,6.61,176.79,42.72,131.69,1.71,20.09,1002.23,25.9,11,Compost,81.95,Pre-harvest
Cotton,Karnataka,Sandy,6.88,161.6,39.98,133.52,1.57,26.85,712.98,30.79,14,Compost,198.97,Before sowing
Tomato,Gujarat,Sandy,7.36,141.37,51.94,143.56,1.61,24.87,818.98,26.61,7,Compost,190.24,Mid growth
Soybean,Andhra Pradesh,Peaty,6.81,111.6,32.16,146.32,1.15,27.36,549.1,31.52,6,Urea,122.64,After sowing
Cotton,Maharashtra,Sandy,7.03,141.87,36.36,130.11,1.01,32.44,716.94,28.7,17,Mixed,196.69,Pre-harvest
Maize,Tamil Nadu,Peaty,5.92,148.99,29.24,82.0,1.29,35.69,741.94,25.34,7,DAP,104.19,Before sowing
Cotton,Tamil Nadu,Peaty,6.54,142.37,39.02,120.93,1.26,20.89,812.29,24.34,14,Mixed,88.78,Pre-harvest
Millet,Karnataka,Clay,7.15,125.21,27.73,115.68,0.97,26.13,582.47,29.47,16,DAP,157.32,Before sowing
Soybean,Tamil Nadu,Peaty,6.59,117.95,41.29,107.02,1.3,24.42,847.51,24.94,5,Urea,96.6,Before sowing
Rice,Gujarat,Sandy,6.05,161.36,53.37,132.56,1.22,39.55,1058.58,25.56,14,Urea,150.97,Before sowing
Cotton,Tamil Nadu,Clay,5.91,169.06,45.46,132.93,1.45,26.28,508.23,28.55,4,Urea,130.51,Before sowing
Cotton,Karnataka,Clay,6.26,149.69,39.37,97.24,1.34,24.07,748.98,32.47,5,Potash,162.16,Before sowing
Millet,Tamil Nadu,Loamy,5.93,144.54,36.76,116.16,1.12,27.4,460.46,28.66,12,Mixed,146.56,Pre-harvest
Cotton,Gujarat,Sandy,6.65,169.77,30.31,122.34,1.56,23.02,570.66,30.71,15,Compost,164.97,Before sowing
Cotton,Maharashtra,Silty,6.48,155.21,36.9,104.56,1.52,31.61,766.05,27.42,15,Compost,100.81,Before sowing
Soybean,Tamil Nadu,Loamy,6.96,152.53,50.61,107.47,1.13,24.75,737.6,28.12,7,Compost,127.64,Pre-harvest
Rice,Maharashtra,Loamy,7.26,163.97,59.36,145.95,1.29,35.85,964.09,25.09,14,Potash,160.98,After sowing
Cotton,Karnataka,Peaty,7.32,137.08,44.55,117.03,1.59,31.54,751.04,29.98,12,Compost,157.02,Pre-harvest
Potato,Maharashtra,Sandy,5.9,189.87,52.41,135.55,1.65,39.92,735.35,25.3,12,Compost,164.16,Pre-harvest
Tomato,Karnataka,Loamy,6.08,140.13,50.83,139.58,1.63,29.23,849.62,21.53,6,Compost,118.29,Mid growth
Rice,Gujarat,Clay,6.14,160.1,30.28,146.72,1.02,26.02,1489.13,31.54,7,Urea,114.36,After sowing
Soybean,Tamil Nadu,Sandy,6.7,161.34,45.79,95.44,1.09,27.46,878.84,31.28,13,Potash,148.03,Before sowing
Potato,Andhra Pradesh,Loamy,7.29,132.11,38.11,110.88,1.8,30.93,612.34,22.22,12,Compost,125.44,Before sowing
Tomato,Tamil Nadu,Loamy,5.97,140.38,50.27,119.73,1.47,36.96,626.83,18.41,8,Urea,107.4,Pre-harvest
Soybean,Maharashtra,Sandy,6.3,129.89,32.12,111.73,1.09,21.81,607.23,25.46,5,Compost,95.66,Before sowing
Tomato,Tamil Nadu,Clay,6.11,177.01,52.81,130.27,1.23,32.62,792.79,24.43,16,Compost,142.02,After sowing
Soybean,Maharashtra,Silty,6.83,148.14,36.24,145.61,1.21,26.13,741.9,28.65,11,Potash,172.96,Mid growth
Cotton,Andhra Pradesh,Peaty,6.09,116.78,37.21,133.64,1.53,28.3,597.4,31.35,11,Urea,100.18,Mid growth
Cotton,Tamil Nadu,Silty,7.4,155.71,37.4,116.91,1.05,20.99,603.63,27.42,19,DAP,174.01,Mid growth
Millet,Tamil Nadu,Sandy,6.93,132.8,30.93,91.74,0.94,35.45,742.33,26.6,18,Potash,101.12,Mid growth
Tomato,Maharashtra,Peaty,6.84,184.92,51.24,137.57,1.46,39.37,661.71,19.06,12,Urea,130.61,After sowing
Sugarcane,Maharashtra,Loamy,6.32,157.12,55.68,148.21,1.47,39.21,865.15,34.82,19,Potash,93.74,Before sowing
Sugarcane,Tamil Nadu,Silty,6.63,179.23,33.77,128.03,1.58,26.38,1380.83,33.52,9,Compost,171.22,Pre-harvest
Rice,Gujarat,Peaty,6.04,132.04,34.42,113.18,1.77,24.21,1449.27,25.52,11,Compost,148.11,Mid growth
Millet,Tamil Nadu,Loamy,7.19,126.27,25.4,131.69,1.0,20.55,414.58,27.17,11,DAP,150.72,Before sowing
Millet,Karnataka,Peaty,6.68,104.14,43.26,122.19,0.88,33.48,683.06,21.57,5,Urea,96.26,Pre-harvest
Sugarcane,Andhra Pradesh,Peaty,6.77,150.18,43.59,107.12,1.51,36.13,1106.2,30.06,4,Compost,102.25,Mid growth
Tomato,Andhra Pradesh,Peaty,6.25,146.12,45.4,126.52,1.21,24.34,853.65,27.07,17,DAP,197.21,Pre-harvest
Rice,Gujarat,Peaty,7.2,174.85,33.46,139.95,1.58,20.72,1182.33,25.55,11,Compost,194.43,Pre-harvest
Millet,Andhra Pradesh,Clay,6.33,107.84,25.81,98.97,1.16,24.81,574.07,25.48,11,Urea,94.62,Pre-harvest
Wheat,Gujarat,Peaty,6.84,110.71,43.91,105.85,1.41,28.08,743.02,29.38,13,Urea,115.98,Before sowing
Sugarcane,Maharashtra,Sandy,7.27,134.77,35.98,132.97,1.41,38.0,1056.9,25.65,6,Mixed,139.68,Pre-harvest
Sugarcane,Karnataka,Silty,6.0,148.02,45.6,120.07,1.33,34.6,1456.72,31.65,19,Mixed,99.7,Pre-harvest
Rice,Andhra Pradesh,Clay,7.09,174.76,49.37,144.0,1.5,25.73,1138.11,33.52,14,Mixed,180.9,After sowing
Tomato,Karnataka,Loamy,7.15,188.46,48.94,143.25,1.71,33.6,641.49,23.95,4,Compost,194.87,Pre-harvest
Sugarcane,Tamil Nadu,Clay,6.33,142.26,33.86,119.22,1.1,21.35,907.32,30.78,17,Potash,131.36,Pre-harvest
Rice,Gujarat,Peaty,7.16,178.45,31.87,134.26,1.69,28.48,1298.08,29.03,12,Compost,181.96,Pre-harvest
Soybean,Gujarat,Silty,6.01,125.29,34.13,141.66,1.33,25.0,762.14,26.71,7,DAP,154.2,After sowing
Sugarcane,Maharashtra,Sandy,6.79,130.44,41.19,117.0,1.3,32.1,1235.69,26.86,19,Potash,123.83,Pre-harvest
Rice,Maharashtra,Clay,7.45,135.73,53.59,113.71,1.59,27.59,1261.95,26.03,9,Compost,109.94,After sowing
Sugarcane,Andhra Pradesh,Loamy,6.28,123.54,33.25,151.08,1.05,29.13,1363.63,28.78,13,Compost,158.71,Pre-harvest
Soybean,Karnataka,Peaty,6.06,124.11,38.16,90.38,1.21,34.52,725.62,30.71,6,Potash,102.2,Before sowing
Millet,Maharashtra,Sandy,6.83,151.03,39.64,100.4,0.87,38.14,432.1,26.24,9,Urea,145.79,Mid growth
Tomato,Karnataka,Silty,6.62,151.45,42.14,115.89,1.5,27.72,947.64,20.56,8,Compost,108.4,Mid growth
Maize,Andhra Pradesh,Peaty,6.39,145.48,29.42,103.78,1.12,38.46,404.06,27.71,9,DAP,180.09,Mid growth
Wheat,Gujarat,Peaty,6.09,143.53,36.66,111.5,0.99,29.75,656.06,22.44,8,Potash,174.47,Before sowing
Rice,Gujarat,Peaty,6.62,140.62,32.71,145.18,1.63,21.37,1143.03,34.54,13,Compost,190.33,Before sowing
Maize,Gujarat,Loamy,5.85,153.54,33.55,110.19,1.37,22.51,564.76,25.4,16,Mixed,118.41,Before sowing
Tomato,Karnataka,Silty,7.32,176.7,52.17,137.01,1.56,30.22,648.21,25.33,8,Compost,91.13,Pre-harvest
Wheat,Gujarat,Clay,6.19,129.26,36.07,89.56,0.94,38.8,400.67,25.15,10,Potash,197.49,Pre-harvest
Potato,Andhra Pradesh,Sandy,6.18,176.58,58.62,112.56,1.58,36.28,938.53,25.08,10,Compost,199.25,Pre-harvest
Potato,Tamil Nadu,Loamy,6.01,163.33,46.66,153.3,1.76,26.98,771.42,19.83,7,Compost,104.42,Pre-harvest
Tomato,Andhra Pradesh,Silty,7.31,176.37,60.28,151.87,1.37,35.07,934.08,25.26,19,Mixed,83.6,Pre-harvest
Groundnut,Gujarat,Clay,6.15,158.1,30.72,121.79,1.51,34.07,717.48,27.62,6,Compost,98.9,After sowing
Wheat,Tamil Nadu,Peaty,6.17,148.41,45.17,114.03,1.42,27.16,665.05,24.68,19,DAP,149.18,After sowing
Potato,Maharashtra,Silty,6.39,146.05,36.63,144.18,1.76,22.0,736.64,21.57,19,Compost,101.18,Pre-harvest
Groundnut,Tamil Nadu,Sandy,6.69,129.64,42.2,137.07,1.53,29.69,876.77,32.26,8,Compost,176.37,Pre-harvest
Maize,Tamil Nadu,Peaty,5.87,126.21,25.78,130.51,1.39,22.55,609.02,20.93,18,DAP,191.43,Before sowing
Cotton,Andhra Pradesh,Peaty,6.08,157.54,40.72,137.92,1.52,27.65,517.06,29.64,14,Compost,172.15,Mid growth
Potato,Maharashtra,Peaty,7.1,166.89,45.77,113.46,1.23,20.3,820.45,21.27,14,DAP,126.88,Pre-harvest
Wheat,Andhra Pradesh,Peaty,6.98,114.65,46.64,115.25,0.8,28.17,702.4,29.75,18,Urea,112.77,Mid growth
Potato,Tamil Nadu,Peaty,7.29,187.19,47.2,133.27,1.43,29.58,816.67,19.34,14,DAP,95.78,After sowing
Groundnut,Karnataka,Sandy,6.44,113.07,47.72,102.73,1.09,32.93,754.16,31.97,5,Urea,86.6,Mid growth
Cotton,Tamil Nadu,Clay,7.12,169.7,48.54,93.98,1.17,39.87,669.69,26.07,7,Potash,124.09,After sowing
Groundnut,Tamil Nadu,Sandy,7.35,127.04,47.99,118.16,1.52,32.8,669.6,25.98,18,Compost,182.54,Before sowing
Rice,Maharashtra,Clay,5.8,138.23,39.56,138.68,1.32,32.25,898.77,30.39,18,DAP,120.71,Mid growth
Sugarcane,Maharashtra,Sandy,6.87,163.81,47.4,145.85,1.77,36.28,844.56,33.76,13,Compost,177.66,Before sowing
Soybean,Gujarat,Loamy,6.34,115.54,43.4,148.52,1.14,26.88,735.11,24.48,11,Urea,127.11,Mid growth
Wheat,Karnataka,Sandy,6.73,127.32,28.73,95.06,1.43,29.96,423.16,27.72,7,DAP,88.18,Before sowing
Groundnut,Tamil Nadu,Loamy,6.74,134.47,43.72,121.61,1.39,27.37,708.73,29.58,5,DAP,99.35,Before sowing
Millet,Andhra Pradesh,Silty,6.53,111.64,30.54,108.8,1.16,34.71,794.23,27.03,8,Urea,169.47,Before sowing
Rice,Karnataka,Clay,6.18,149.53,54.6,110.22,1.54,38.34,1003.41,32.03,7,Compost,118.02,Mid growth
Soybean,Gujarat,Loamy,5.9,120.74,33.72,116.13,1.54,34.49,639.07,32.01,7,Compost,125.36,Mid growth
Groundnut,Maharashtra,Sandy,6.48,117.82,54.74,120.9,1.39,32.96,808.44,32.22,16,Urea,129.0,Pre-harvest
Groundnut,Andhra Pradesh,Sandy,6.27,156.3,47.11,125.63,1.23,39.02,671.75,29.14,7,Potash,138.23,After sowing
Maize,Gujarat,Sandy,7.36,133.1,42.13,82.15,1.38,34.26,712.98,26.17,8,Potash,139.58,Pre-harvest
Sugarcane,Tamil Nadu,Peaty,7.14,125.87,46.59,137.41,1.19,24.59,987.66,33.74,20,Mixed,97.45,Mid growth
Rice,Tamil Nadu,Sandy,7.0,166.95,33.07,108.94,1.54,27.13,1119.83,27.96,16,Compost,122.14,Mid growth
Sugarcane,Maharashtra,Peaty,5.87,176.42,51.96,108.31,1.33,20.41,899.59,29.68,20,Mixed,82.84,Before sowing
Rice,Karnataka,Silty,6.29,138.9,45.81,113.65,1.28,28.93,1212.42,31.46,20,Mixed,168.64,Mid growth
Groundnut,Andhra Pradesh,Silty,7.25,140.13,40.01,97.12,1.16,29.57,636.29,27.07,14,Potash,103.62,Pre-harvest
Soybean,Andhra Pradesh,Silty,6.82,128.87,40.25,142.12,1.06,33.33,636.58,30.58,18,DAP,135.75,Pre-harvest
Sugarcane,Andhra Pradesh,Clay,5.99,171.32,39.46,146.63,1.4,24.47,1314.17,32.16,11,Urea,184.53,Mid growth
Potato,Maharashtra,Clay,6.31,136.3,40.43,131.73,1.51,31.22,961.45,27.19,17,Compost,169.63,Mid growth
Wheat,Gujarat,Clay,6.26,129.39,48.13,117.24,1.21,26.8,644.67,21.75,7,Mixed,129.58,Before sowing
Wheat,Maharashtra,Clay,5.97,125.07,47.92,94.14,1.31,25.77,765.87,21.51,17,Potash,194.6,Mid growth
Soybean,Andhra Pradesh,Sandy,7.1,131.56,48.19,143.7,1.22,29.2,533.15,27.16,5,DAP,163.88,After sowing
Tomato,Tamil Nadu,Silty,6.87,157.16,41.71,126.85,1.54,29.5,950.92,22.39,13,Compost,105.81,Before sowing
Cotton,Andhra Pradesh,Peaty,6.47,143.96,51.36,107.25,1.03,27.64,686.01,29.38,9,DAP,113.39,Mid growth
Tomato,Andhra Pradesh,Clay,7.16,150.88,42.27,155.23,1.49,24.04,696.76,18.3,20,Potash,186.28,Pre-harvest
Sugarcane,Maharashtra,Sandy,5.91,126.69,50.01,146.19,1.17,34.31,1450.82,26.89,9,Compost,131.87,Before sowing
Potato,Andhra Pradesh,Loamy,7.2,144.26,45.81,115.48,1.62,36.74,899.59,27.0,16,Compost,155.14,Pre-harvest
Cotton,Andhra Pradesh,Silty,7.09,120.37,53.53,109.15,1.27,34.3,766.25,29.86,8,Mixed,178.77,Before sowing
Soybean,Tamil Nadu,Peaty,7.35,156.45,45.53,149.71,1.31,30.18,823.89,26.94,4,Mixed,151.45,Mid growth
Groundnut,Tamil Nadu,Clay,6.77,115.94,43.26,149.3,1.08,33.44,870.19,24.71,20,Urea,89.26,Pre-harvest
Sugarcane,Karnataka,Loamy,7.18,146.0,57.37,123.38,1.55,29.75,1100.07,33.07,13,Compost,91.84,Mid growth
Millet,Tamil Nadu,Loamy,6.74,156.7,37.55,137.0,1.17,21.76,566.62,20.5,19,Mixed,86.68,Mid growth
Rice,Karnataka,Peaty,7.5,154.33,53.68,134.02,1.2,23.18,1057.06,32.42,5,Mixed,139.07,Pre-harvest
Wheat,Tamil Nadu,Clay,6.32,117.55,49.14,87.79,1.32,37.29,506.44,29.1,7,Urea,150.74,Mid growth
Soybean,Andhra Pradesh,Peaty,7.3,110.46,41.27,92.87,1.48,27.35,776.16,28.06,6,Urea,120.24,Pre-harvest
Maize,Gujarat,Silty,6.87,101.0,44.45,110.73,1.03,38.91,658.67,26.8,6,Urea,154.5,Before sowing
Maize,Tamil Nadu,Silty,7.22,113.78,39.52,123.71,0.84,35.36,509.72,29.8,13,Urea,145.93,Before sowing
Millet,Karnataka,Loamy,6.77,118.63,40.16,132.7,1.42,26.55,422.12,26.98,18,Urea,160.53,Before sowing
Rice,Andhra Pradesh,Clay,5.98,176.19,53.39,119.11,1.11,29.37,1142.4,32.99,4,Compost,116.64,Before sowing
Maize,Karnataka,Peaty,7.0,114.9,29.31,129.22,0.83,38.2,500.09,27.48,18,Urea,165.94,Before sowing
Groundnut,Karnataka,Loamy,7.0,121.07,38.06,143.05,1.5,39.15,572.71,25.13,18,Compost,163.78,Before sowing
Cotton,Gujarat,Sandy,7.31,156.38,38.07,144.69,1.4,23.87,719.35,32.7,16,Urea,182.12,Mid growth
Rice,Maharashtra,Loamy,6.19,161.89,30.64,143.48,1.46,33.48,1279.89,26.41,14,Potash,199.54,Mid growth
Rice,Tamil Nadu,Loamy,6.03,153.16,58.27,137.09,1.73,33.51,1187.44,26.29,18,Compost,89.78,After sowing
Groundnut,Karnataka,Sandy,6.91,126.76,33.48,103.46,1.2,32.06,521.27,32.59,19,Potash,155.12,After sowing
Potato,Karnataka,Sandy,6.61,135.96,57.6,146.89,1.7,30.69,648.34,25.27,15,Compost,174.72,Pre-harvest
Sugarcane,Maharashtra,Clay,6.98,147.59,58.61,159.09,1.44,20.44,1189.16,26.18,20,Mixed,87.71,Before sowing
Soybean,Karnataka,Clay,7.36,148.31,50.82,94.89,1.01,23.94,823.59,30.11,18,Potash,149.67,Pre-harvest
Soybean,Tamil Nadu,Silty,5.91,162.54,54.02,102.66,1.54,32.45,687.45,27.89,13,Compost,188.63,Before sowing
Soybean,Gujarat,Clay,6.2,124.82,41.5,99.07,1.23,31.14,515.35,28.83,13,Potash,168.52,Mid growth
Millet,Maharashtra,Loamy,6.43,138.27,37.19,123.37,0.83,28.83,611.52,22.76,8,DAP,143.45,Mid growth
Cotton,Karnataka,Silty,6.79,152.03,38.3,121.69,1.48,22.75,725.74,29.53,9,DAP,91.34,After sowing
Rice,Tamil Nadu,Silty,5.98,143.63,51.29,138.22,1.7,38.19,1343.95,25.16,5,Compost,175.7,Mid growth
Groundnut,Karnataka,Silty,7.42,160.63,46.43,129.82,1.54,30.83,506.05,28.59,15,Compost,169.44,After sowing
Tomato,Tamil Nadu,Loamy,6.72,169.37,47.28,115.56,1.78,36.9,626.42,22.67,14,Compost,95.88,Pre-harvest
Tomato,Gujarat,Silty,5.81,178.64,46.46,135.46,1.28,35.73,747.14,25.73,7,Urea,175.28,Mid growth
Soybean,Karnataka,Peaty,5.9,156.22,48.42,127.23,1.14,34.36,756.89,27.84,14,Mixed,148.61,After sowing
Maize,Karnataka,Sandy,6.66,156.65,42.56,108.12,0.9,25.71,750.63,20.51,12,Compost,147.48,Mid growth
Maize,Tamil Nadu,Loamy,7.27,127.43,42.77,125.14,0.96,37.23,686.18,20.16,17,Urea,99.44,Pre-harvest
Rice,Tamil Nadu,Silty,6.22,122.71,44.39,124.8,1.43,26.93,830.08,34.43,15,Potash,178.35,Pre-harvest
Cotton,Maharashtra,Clay,6.8,134.41,43.0,110.09,1.09,28.06,634.72,26.93,20,Potash,175.01,Mid growth
Millet,Karnataka,Sandy,6.55,149.42,49.85,130.07,1.27,24.81,675.64,28.36,8,Mixed,156.44,Pre-harvest
Cotton,Karnataka,Peaty,6.96,126.28,45.48,140.22,1.06,32.84,857.15,29.88,9,Mixed,154.88,After sowing
Groundnut,Karnataka,Peaty,7.02,144.34,46.48,132.72,1.38,38.32,712.83,27.3,16,Urea,193.27,Mid growth
Millet,Karnataka,Clay,6.74,104.14,29.1,116.75,1.06,28.74,412.57,24.98,17,Urea,176.51,Mid growth
Wheat,Karnataka,Sandy,7.28,112.06,49.54,134.02,1.39,20.8,597.42,21.1,14,Urea,184.52,After sowing
Potato,Gujarat,Sandy,6.79,154.02,54.21,119.26,1.36,30.56,758.74,26.89,4,Potash,160.53,Mid growth
Soybean,Karnataka,Sandy,6.09,167.49,51.67,135.53,1.23,36.2,584.33,29.27,18,Mixed,126.99,Pre-harvest
Potato,Tamil Nadu,Loamy,6.26,159.85,59.22,128.91,1.27,39.72,807.91,27.44,4,Mixed,190.15,Before sowing
Potato,Gujarat,Loamy,6.07,182.88,52.12,143.56,1.26,30.64,659.49,18.83,14,Mixed,113.75,After sowing
Millet,Andhra Pradesh,Peaty,6.81,146.98,28.21,117.49,1.05,25.51,583.96,20.63,6,DAP,144.46,Pre-harvest
Millet,Karnataka,Loamy,7.34,110.15,30.36,127.2,1.18,26.61,448.88,28.77,15,Urea,185.65,After sowing
Potato,Karnataka,Silty,7.25,180.91,37.37,119.32,1.31,21.74,914.06,26.17,7,DAP,170.24,Before sowing
Potato,Andhra Pradesh,Peaty,5.92,178.58,42.37,143.5,1.24,33.4,993.32,20.8,18,Potash,192.96,Before sowing
Wheat,Karnataka,Silty,6.34,121.96,28.35,105.37,1.11,31.02,514.72,25.97,18,DAP,166.36,Pre-harvest
Soybean,Tamil Nadu,Silty,6.75,150.64,36.65,119.28,1.29,20.9,865.46,29.64,11,DAP,188.59,After sowing
Cotton,Karnataka,Silty,6.81,130.21,32.13,105.3,1.1,30.36,646.66,30.37,9,Potash,107.22,After sowing
Maize,Andhra Pradesh,Sandy,6.34,112.22,45.52,84.2,1.1,27.96,601.59,29.67,20,Urea,114.92,Before sowing
Rice,Tamil Nadu,Peaty,6.92,151.21,59.77,100.23,1.65,37.38,1071.83,30.1,6,Compost,183.0,Before sowing
Wheat,Karnataka,Peaty,6.26,142.89,41.84,86.77,1.11,33.72,480.56,20.72,14,Potash,134.63,After sowing
Cotton,Karnataka,Loamy,7.42,149.82,40.51,105.46,1.08,35.5,698.62,26.73,11,Mixed,113.72,Pre-harvest
Groundnut,Tamil Nadu,Silty,6.78,150.02,49.47,112.75,1.37,35.9,582.35,27.16,8,Mixed,139.11,After sowing
Cotton,Andhra Pradesh,Loamy,6.51,113.81,52.93,142.22,1.15,25.56,822.91,29.63,9,Urea,171.13,Before sowing
Maize,Tamil Nadu,Loamy,7.02,134.07,36.49,84.79,1.36,28.37,419.23,24.72,5,Potash,152.83,After sowing
Millet,Maharashtra,Loamy,6.5,132.42,39.76,91.2,1.48,22.1,775.16,24.44,8,Potash,157.7,Pre-harvest
Soybean,Andhra Pradesh,Peaty,7.25,154.77,46.36,100.99,1.43,39.85,865.49,25.8,12,Mixed,177.91,Pre-harvest
Millet,Gujarat,Silty,6.4,151.49,30.25,108.58,1.05,37.08,712.17,20.22,18,Potash,124.81,Before sowing
Cotton,Maharashtra,Loamy,6.12,167.05,54.05,132.67,1.22,20.12,607.48,30.04,12,Compost,89.37,After sowing
Tomato,Maharashtra,Peaty,6.56,167.88,56.57,144.92,1.3,25.81,915.24,24.95,18,Urea,112.29,Pre-harvest
Tomato,Andhra Pradesh,Loamy,6.01,171.79,50.36,115.91,1.71,38.7,799.6,20.56,18,Compost,149.16,Before sowing
Groundnut,Tamil Nadu,Loamy,5.92,158.85,32.51,126.98,1.2,24.33,615.63,30.92,14,Mixed,108.0,After sowing
Groundnut,Karnataka,Peaty,5.95,116.76,32.41,136.25,1.37,23.55,580.45,27.84,18,Urea,187.07,Before sowing
Cotton,Gujarat,Silty,6.66,158.94,44.63,106.62,1.04,21.56,724.34,25.52,17,Mixed,165.56,Mid growth
Tomato,Gujarat,Silty,6.22,179.66,64.99,117.89,1.74,30.33,618.95,21.34,9,Compost,130.2,Pre-harvest
Rice,Andhra Pradesh,Loamy,6.14,170.88,44.09,111.0,1.4,38.93,1240.47,31.17,16,DAP,138.87,Before sowing
Rice,Tamil Nadu,Sandy,5.92,178.58,59.0,155.15,1.29,23.75,1482.4,34.0,6,Compost,164.43,After sowing
Sugarcane,Maharashtra,Silty,6.69,145.07,54.92,130.82,1.27,23.26,1359.65,27.08,10,Potash,117.73,Pre-harvest
Wheat,Gujarat,Silty,7.5,100.49,44.88,134.35,0.96,30.36,568.8,21.12,9,Urea,174.99,Mid growth
Millet,Gujarat,Loamy,7.25,138.58,35.12,105.5,0.85,37.19,430.23,27.85,14,Compost,95.2,Pre-harvest
Tomato,Gujarat,Silty,6.38,175.15,54.6,127.48,1.64,36.93,623.85,19.38,19,Compost,122.48,Pre-harvest
Potato,Tamil Nadu,Clay,6.19,131.77,43.36,158.53,1.66,30.98,823.61,27.28,12,Compost,196.36,Mid growth
Tomato,Tamil Nadu,Sandy,7.48,160.35,37.65,133.0,1.73,23.47,758.17,25.22,12,Compost,98.31,Mid growth
Soybean,Maharashtra,Clay,6.03,162.46,54.39,115.08,1.31,27.31,742.29,31.84,9,Mixed,116.31,Before sowing
Millet,Andhra Pradesh,Clay,6.86,150.52,25.22,114.58,0.86,28.06,767.74,27.98,10,DAP,186.35,Before sowing
Tomato,Andhra Pradesh,Peaty,6.1,131.36,63.53,136.15,1.72,30.97,653.2,19.79,14,Compost,164.9,Pre-harvest
Wheat,Maharashtra,Loamy,6.76,106.87,30.35,119.12,1.1,27.21,537.69,27.41,16,Urea,107.76,After sowing
Groundnut,Maharashtra,Sandy,6.98,129.54,49.21,94.18,1.51,39.05,515.64,29.62,17,Potash,174.93,After sowing
Sugarcane,Karnataka,Loamy,6.24,143.89,57.7,157.83,1.73,24.44,1190.9,30.24,9,Compost,163.61,Pre-harvest
Maize,Maharashtra,Silty,6.54,114.74,31.44,108.17,1.0,26.45,484.77,23.04,8,Urea,124.19,Pre-harvest
Soybean,Andhra Pradesh,Silty,6.52,140.53,42.86,145.88,1.49,23.36,806.0,32.14,8,DAP,190.68,Before sowing
Maize,Karnataka,Clay,6.66,159.77,29.0,89.31,0.92,35.42,504.03,21.02,9,DAP,100.38,Pre-harvest
Wheat,Maharashtra,Peaty,7.3,109.82,25.64,118.48,0.87,28.03,553.19,24.88,8,Urea,187.62,Pre-harvest
Rice,Tamil Nadu,Silty,7.48,168.16,57.64,114.88,1.19,22.89,1223.22,34.87,4,Potash,164.2,Mid growth
Soybean,Karnataka,Sandy,6.17,122.79,33.9,94.55,1.08,30.27,671.63,28.47,8,Potash,123.89,Before sowing
Tomato,Karnataka,Clay,6.71,144.73,59.36,132.22,1.73,32.7,949.08,23.96,4,Compost,111.8,After sowing
Soybean,Karnataka,Clay,6.49,129.09,54.09,108.82,1.39,24.25,665.85,31.12,12,Potash,199.6,Mid growth
Tomato,Karnataka,Loamy,5.98,151.74,57.52,136.07,1.33,33.63,613.53,21.83,6,DAP,159.38,Mid growth
Rice,Gujarat,Loamy,6.96,152.11,55.42,103.05,1.27,22.07,1497.41,28.04,5,Urea,175.62,After sowing
Groundnut,Andhra Pradesh,Peaty,5.87,116.52,44.78,101.0,1.27,27.24,767.62,25.73,11,Urea,107.36,Pre-harvest
Wheat,Maharashtra,Clay,5.97,141.77,44.01,114.83,1.43,35.28,685.93,28.82,4,Potash,81.71,Mid growth
Cotton,Gujarat,Clay,6.85,169.15,34.69,133.64,1.24,33.3,806.63,27.97,5,Mixed,114.44,Mid growth
Millet,Andhra Pradesh,Clay,6.87,150.5,27.61,91.6,1.17,24.41,567.42,24.9,16,DAP,185.32,Mid growth
Millet,Andhra Pradesh,Silty,7.45,112.19,34.36,126.63,0.91,39.23,652.59,23.43,11,Urea,141.6,Before sowing
Sugarcane,Tamil Nadu,Peaty,6.08,145.14,49.03,159.21,1.61,28.25,1169.15,31.89,8,Compost,146.79,Before sowing
Potato,Karnataka,Clay,6.62,152.96,36.53,117.42,1.24,24.34,842.02,25.01,5,Potash,144.21,After sowing
Sugarcane,Gujarat,Clay,6.36,136.94,36.56,151.93,1.01,28.15,880.24,28.5,17,Mixed,137.69,Pre-harvest
Sugarcane,Gujarat,Peaty,6.21,153.51,42.46,109.56,1.63,39.4,1389.13,31.35,19,Compost,142.17,Mid growth
Wheat,Gujarat,Loamy,5.91,109.16,27.52,106.8,1.15,31.11,595.65,23.41,19,Urea,129.75,Pre-harvest
Rice,Gujarat,Peaty,7.45,173.67,55.87,140.02,1.72,23.63,1241.39,26.8,8,Compost,107.48,Pre-harvest
Sugarcane,Tamil Nadu,Sandy,6.32,124.08,44.39,106.73,1.59,29.67,1028.16,30.54,12,Compost,82.4,After sowing
Cotton,Karnataka,Loamy,7.1,150.4,34.32,134.84,1.11,21.7,877.02,25.1,16,Urea,154.62,After sowing
Sugarcane,Tamil Nadu,Peaty,6.57,122.45,58.94,102.73,1.41,33.52,1103.47,30.34,13,Compost,138.44,After sowing
Rice,Tamil Nadu,Sandy,7.19,167.04,45.52,126.07,1.69,27.57,1294.99,29.43,15,Compost,184.24,Before sowing
Tomato,Maharashtra,Peaty,6.8,149.78,36.89,126.25,1.37,30.91,913.47,18.64,19,DAP,141.43,After sowing
Wheat,Gujarat,Clay,7.46,132.1,39.65,115.12,1.08,39.36,692.04,28.24,16,Compost,191.66,Pre-harvest
Maize,Karnataka,Peaty,7.07,104.95,44.17,101.43,1.18,38.93,666.58,28.02,15,Urea,107.29,Before sowing
Groundnut,Andhra Pradesh,Silty,6.29,116.3,54.83,115.18,1.26,28.51,502.88,24.31,9,Urea,82.05,Before sowing
Wheat,Andhra Pradesh,Clay,6.63,154.31,43.7,91.42,1.01,26.87,788.89,21.97,12,Potash,157.49,After sowing
Maize,Tamil Nadu,Peaty,7.16,143.48,28.9,93.73,1.2,36.58,656.26,20.46,6,DAP,99.47,Mid growth
Potato,Gujarat,Sandy,6.01,165.65,55.39,142.33,1.69,29.36,911.33,22.37,4,Compost,147.13,Mid growth
Cotton,Maharashtra,Clay,7.14,139.05,48.8,104.32,1.07,25.98,572.9,29.61,7,Mixed,192.66,Mid growth
Sugarcane,Gujarat,Clay,6.06,120.08,30.77,159.6,1.56,33.55,911.47,32.34,11,Compost,106.23,Before sowing
Millet,Maharashtra,Sandy,5.83,110.83,34.39,119.59,0.81,33.46,744.7,24.03,12,Urea,187.56,Mid growth
Sugarcane,Maharashtra,Silty,6.54,176.65,47.86,157.22,1.47,26.37,862.36,31.02,7,Potash,153.3,Mid growth
Potato,Gujarat,Sandy,5.89,147.43,60.72,111.15,1.66,30.75,634.12,26.84,11,Compost,108.52,Pre-harvest
Millet,Andhra Pradesh,Clay,6.35,143.81,25.56,118.62,1.18,25.05,421.86,23.04,8,DAP,134.29,Before sowing
Cotton,Andhra Pradesh,Sandy,7.34,149.07,52.1,127.0,1.57,20.32,626.89,27.6,11,Compost,172.83,Pre-harvest
Wheat,Andhra Pradesh,Clay,7.31,126.3,26.16,81.88,0.94,34.8,430.76,26.87,5,DAP,189.16,After sowing
Cotton,Andhra Pradesh,Sandy,6.63,162.39,30.83,112.86,1.08,23.5,596.27,28.76,8,Potash,152.15,Mid growth
Rice,Maharashtra,Clay,5.94,128.19,48.59,117.19,1.23,38.15,1181.98,34.6,5,DAP,176.29,After sowing
Potato,Karnataka,Clay,7.12,182.1,37.61,115.7,1.65,31.84,847.45,25.42,12,Compost,91.71,After sowing
Sugarcane,Andhra Pradesh,Loamy,6.19,143.26,35.31,123.18,1.49,30.16,990.7,33.68,16,Urea,184.2,Before sowing
Wheat,Gujarat,Peaty,6.39,104.95,37.5,94.36,0.91,35.62,768.28,28.76,16,Urea,163.88,Before sowing
Tomato,Gujarat,Silty,6.81,185.05,61.46,117.34,1.26,32.11,637.37,22.62,4,DAP,115.14,After sowing
Soybean,Gujarat,Silty,5.9,120.15,40.28,110.69,1.54,26.65,665.92,30.06,18,Compost,98.25,Pre-harvest
Tomato,Maharashtra,Loamy,6.43,156.01,48.68,152.66,1.45,35.75,813.42,20.62,17,Mixed,124.05,Mid growth
Wheat,Gujarat,Silty,6.06,100.6,28.8,98.7,0.96,23.62,450.6,27.16,19,Urea,122.12,Pre-harvest
Soybean,Tamil Nadu,Sandy,6.04,157.78,40.04,136.07,1.18,30.57,574.89,26.36,11,Urea,155.89,Pre-harvest
Groundnut,Maharashtra,Sandy,6.24,148.6,30.3,149.49,1.58,33.44,621.05,28.58,5,Compost,182.71,Pre-harvest
Wheat,Tamil Nadu,Peaty,6.13,149.0,34.21,96.27,1.42,26.4,688.73,20.08,20,Potash,151.14,After sowing
Soybean,Gujarat,Loamy,7.35,165.26,36.0,95.25,1.29,35.69,629.43,26.39,6,Potash,86.2,Mid growth
Tomato,Karnataka,Peaty,6.5,179.91,40.66,120.1,1.72,36.64,668.75,27.32,14,Compost,89.11,Mid growth
Maize,Tamil Nadu,Sandy,6.21,150.21,29.77,89.48,1.48,28.41,437.69,28.47,18,DAP,147.25,After sowing
Soybean,Gujarat,Loamy,6.96,168.86,38.26,125.75,1.06,27.42,605.31,29.65,14,Potash,197.29,Mid growth
Rice,Tamil Nadu,Sandy,7.3,164.48,33.3,143.57,1.55,28.06,1092.41,25.67,6,Compost,92.94,Before sowing
Maize,Gujarat,Clay,6.64,117.36,49.37,99.58,1.01,26.34,415.23,20.42,7,Urea,164.29,Mid growth
Wheat,Gujarat,Loamy,7.25,153.97,37.82,121.62,1.34,26.13,555.37,24.75,6,Urea,157.62,Pre-harvest
Tomato,Andhra Pradesh,Peaty,6.3,134.5,39.44,158.51,1.66,23.01,634.01,23.15,5,Compost,106.94,Before sowing
Rice,Tamil Nadu,Clay,6.28,142.8,31.3,136.6,1.09,24.89,1278.0,25.43,14,Mixed,80.08,After sowing
Maize,Gujarat,Sandy,7.1,119.71,45.22,123.53,1.16,29.49,582.75,24.02,9,Urea,169.03,After sowing
Rice,Karnataka,Clay,6.44,155.41,43.87,119.77,1.51,21.38,1357.72,28.61,11,Compost,97.29,Pre-harvest
Wheat,Tamil Nadu,Peaty,7.12,117.65,48.93,86.86,0.81,38.74,530.03,20.04,10,Urea,116.24,After sowing
Cotton,Andhra Pradesh,Sandy,5.81,141.54,35.63,145.91,1.56,32.31,834.57,32.77,17,Compost,98.63,Before sowing
Wheat,Andhra Pradesh,Clay,6.36,141.0,39.23,111.19,1.4,22.5,623.22,21.11,14,DAP,81.62,Pre-harvest
Groundnut,Maharashtra,Loamy,5.86,127.95,47.27,110.77,1.45,39.07,879.5,25.4,7,Potash,110.08,Mid growth
Cotton,Andhra Pradesh,Loamy,5.98,155.7,43.56,103.16,1.22,22.45,747.13,31.41,7,Potash,181.88,Pre-harvest
Rice,Tamil Nadu,Silty,6.12,156.4,57.66,154.9,1.33,26.01,1064.87,25.75,16,Compost,128.93,Pre-harvest
Millet,Maharashtra,Clay,6.68,154.85,47.6,96.28,1.29,24.11,753.82,27.53,7,Potash,115.72,Pre-harvest
Maize,Gujarat,Peaty,6.41,134.9,25.51,126.75,0.99,29.63,691.11,23.56,14,DAP,185.39,Mid growth
Cotton,Tamil Nadu,Silty,5.93,144.07,48.4,144.95,1.3,25.2,887.89,27.71,9,Mixed,171.86,Before sowing
Tomato,Gujarat,Clay,7.28,149.34,51.63,132.35,1.32,36.34,837.38,26.02,8,DAP,121.22,After sowing
Rice,Maharashtra,Peaty,6.78,140.82,56.52,145.09,1.55,25.81,1367.84,27.43,15,Compost,135.58,Mid growth
Rice,Andhra Pradesh,Clay,7.29,143.53,48.74,127.01,1.49,37.17,1487.64,28.67,5,Compost,142.76,Pre-harvest
Potato,Maharashtra,Peaty,7.33,151.37,53.49,138.76,1.22,39.22,638.51,25.12,14,Mixed,178.43,Pre-harvest
Maize,Karnataka,Clay,7.42,131.15,34.18,98.7,0.86,26.41,659.12,24.89,7,Potash,199.99,Mid growth
Potato,Tamil Nadu,Sandy,6.7,132.08,41.69,113.54,1.67,32.17,849.32,21.02,14,Compost,84.79,After sowing
Millet,Tamil Nadu,Clay,6.32,117.06,44.07,116.16,1.41,33.44,623.19,21.96,14,Urea,198.66,Mid growth
Potato,Andhra Pradesh,Loamy,5.91,130.46,42.28,154.75,1.47,26.11,714.19,18.1,20,Urea,89.91,Before sowing
Soybean,Maharashtra,Loamy,6.13,129.18,39.33,115.72,1.0,27.53,861.11,25.85,15,DAP,80.17,Pre-harvest
Soybean,Tamil Nadu,Loamy,6.91,153.55,45.88,119.26,1.12,38.76,548.45,27.13,13,Potash,170.47,Mid growth
Groundnut,Maharashtra,Loamy,6.81,154.45,40.72,136.49,1.17,30.37,656.5,27.1,4,Compost,112.85,Before sowing
Soybean,Maharashtra,Sandy,6.86,141.11,49.35,120.19,1.58,39.2,813.45,28.24,12,Compost,163.48,After sowing
Soybean,Maharashtra,Loamy,5.89,146.02,48.86,101.17,1.1,23.59,531.65,28.75,9,Mixed,86.92,Pre-harvest
Groundnut,Maharashtra,Loamy,7.45,167.06,35.73,148.86,1.22,38.16,675.14,32.82,9,Potash,91.36,Before sowing
Wheat,Karnataka,Silty,6.07,158.66,28.98,130.89,1.41,33.33,751.0,26.1,19,DAP,112.28,Before sowing
Potato,Andhra Pradesh,Loamy,6.78,151.06,63.74,156.8,1.45,24.84,833.61,25.17,6,Urea,168.28,After sowing
Rice,Gujarat,Clay,6.46,163.21,58.21,114.84,1.69,24.49,1146.87,34.78,15,Compost,199.56,Before sowing
Potato,Gujarat,Clay,6.15,153.15,39.32,144.65,1.4,29.55,803.74,26.92,5,Potash,143.48,Before sowing
Millet,Andhra Pradesh,Silty,7.13,102.63,29.74,98.03,1.33,33.39,654.19,27.85,20,Urea,88.68,Mid growth
Maize,Tamil Nadu,Sandy,6.19,153.9,37.52,125.37,1.3,20.51,609.88,21.82,15,DAP,179.71,Pre-harvest
Maize,Gujarat,Clay,6.66,157.19,32.2,97.61,1.22,25.6,427.09,23.04,14,Potash,196.0,Mid growth
Cotton,Karnataka,Sandy,7.48,125.01,37.98,146.54,1.36,29.93,525.6,32.37,9,Mixed,144.77,Pre-harvest
Potato,Andhra Pradesh,Sandy,6.64,157.56,42.19,157.58,1.76,34.62,789.7,22.42,16,Compost,88.7,Mid growth
Maize,Tamil Nadu,Silty,6.3,138.09,34.18,118.47,1.09,32.01,701.26,29.41,11,DAP,163.46,Pre-harvest
Cotton,Andhra Pradesh,Silty,6.78,138.0,40.18,118.88,1.01,35.64,730.54,30.73,18,DAP,144.72,Mid growth
Cotton,Tamil Nadu,Clay,6.56,137.93,43.92,142.61,1.09,20.41,576.86,26.9,16,Mixed,174.21,After sowing
Cotton,Tamil Nadu,Peaty,6.46,131.12,42.71,92.2,1.51,35.96,848.75,29.37,5,Potash,100.23,Mid growth
Groundnut,Andhra Pradesh,Loamy,6.49,142.59,53.57,135.79,1.08,27.34,810.67,25.8,10,Mixed,84.01,Before sowing
Soybean,Gujarat,Clay,6.48,135.05,49.28,146.46,1.57,20.69,639.28,31.05,14,Compost,171.72,After sowing
Millet,Andhra Pradesh,Loamy,5.91,129.91,45.78,101.8,0.97,39.82,605.4,23.76,13,Mixed,170.9,Before sowing
Maize,Maharashtra,Silty,6.4,136.22,34.64,118.23,0.81,26.19,440.77,29.72,15,Compost,80.11,Pre-harvest
Tomato,Tamil Nadu,Peaty,6.97,140.95,59.75,144.9,1.44,36.96,601.19,19.99,11,Urea,117.84,Mid growth
Maize,Andhra Pradesh,Peaty,6.69,105.65,47.85,129.44,1.04,26.43,626.18,27.82,4,Urea,119.82,Before sowing
Wheat,Tamil Nadu,Sandy,7.33,130.6,26.51,88.54,1.18,27.13,711.34,25.9,18,DAP,120.0,Mid growth
Sugarcane,Gujarat,Sandy,6.62,151.04,38.78,129.16,1.67,38.33,1258.54,32.58,15,Compost,155.77,Before sowing
Cotton,Gujarat,Sandy,6.2,123.99,34.94,99.74,1.33,32.85,817.85,32.05,6,Potash,186.53,After sowing
Cotton,Karnataka,Sandy,6.04,129.75,43.88,118.22,1.08,30.14,768.96,24.15,9,Urea,105.74,After sowing
Potato,Tamil Nadu,Loamy,7.27,149.01,50.74,115.73,1.5,21.1,650.27,27.94,16,Compost,128.78,Before sowing
Potato,Gujarat,Clay,7.02,147.96,52.31,147.99,1.51,26.09,988.25,20.89,4,Compost,117.76,Before sowing
Soybean,Andhra Pradesh,Silty,6.9,158.62,42.73,109.54,1.27,25.15,745.92,25.03,5,Mixed,185.96,Mid growth
Sugarcane,Karnataka,Peaty,6.2,136.15,59.84,102.56,1.51,29.03,1408.03,25.64,9,Compost,85.35,After sowing
Cotton,Gujarat,Silty,6.76,149.08,32.58,148.91,1.36,24.88,716.02,31.62,16,Potash,146.97,Before sowing
Millet,Tamil Nadu,Peaty,6.95,103.25,29.32,113.58,1.21,39.98,720.97,29.38,19,Urea,131.3,Pre-harvest
Potato,Maharashtra,Silty,6.24,166.36,64.08,128.44,1.22,28.31,941.2,26.49,5,Potash,162.16,Mid growth
Potato,Karnataka,Sandy,7.12,164.1,38.62,111.97,1.42,25.66,726.05,27.96,17,DAP,131.99,After sowing
Cotton,Karnataka,Clay,6.68,164.17,45.37,97.63,1.54,34.6,518.04,29.83,12,Potash,194.22,Before sowing
Tomato,Karnataka,Sandy,6.89,150.67,61.65,115.61,1.58,28.33,708.98,20.86,6,Compost,183.16,After sowing
Wheat,Karnataka,Sandy,7.32,142.45,31.66,113.75,1.01,38.35,503.37,23.27,7,Mixed,84.36,Pre-harvest
Sugarcane,Tamil Nadu,Clay,6.57,122.09,39.3,119.55,1.62,38.14,1141.59,33.41,12,Compost,154.28,Pre-harvest
Wheat,Tamil Nadu,Peaty,7.25,102.33,28.44,128.11,1.08,39.21,628.85,28.36,12,Urea,89.4,Mid growth
Cotton,Maharashtra,Clay,6.74,164.12,45.36,146.12,1.53,22.71,624.38,28.75,7,Compost,96.57,Mid growth
Maize,Karnataka,Peaty,6.07,135.13,36.51,101.79,1.02,35.44,446.09,21.62,9,DAP,89.87,After sowing
Sugarcane,Maharashtra,Clay,7.18,171.46,47.33,108.61,1.28,33.93,909.89,32.94,17,Potash,178.77,After sowing
Rice,Maharashtra,Loamy,6.71,174.69,48.49,110.8,1.38,21.5,1246.29,34.88,9,Urea,132.07,Mid growth
Millet,Maharashtra,Sandy,5.96,122.55,35.99,98.84,0.81,29.58,533.84,29.56,14,Potash,134.73,Pre-harvest
Rice,Gujarat,Silty,7.44,173.93,44.38,153.15,1.28,33.27,1080.41,34.07,11,Mixed,114.44,After sowing
Soybean,Karnataka,Clay,7.1,144.58,31.37,136.62,1.44,34.59,663.43,24.2,15,DAP,85.43,After sowing
Rice,Andhra Pradesh,Peaty,6.86,126.49,33.45,138.64,1.62,22.99,1341.34,25.95,18,Compost,169.68,Mid growth
Wheat,Karnataka,Peaty,6.43,157.76,36.8,99.06,1.28,38.49,669.57,26.47,16,Potash,108.59,Before sowing
Cotton,Gujarat,Silty,7.0,143.94,44.25,128.95,1.57,25.68,784.47,26.25,12,Compost,138.89,After sowing
Millet,Karnataka,Clay,6.88,111.11,34.72,83.45,1.43,21.44,742.62,24.21,4,Urea,120.07,Before sowing
Cotton,Maharashtra,Loamy,7.11,165.91,50.24,107.86,1.51,35.8,674.38,25.79,17,Compost,172.28,Mid growth
Groundnut,Gujarat,Peaty,5.88,110.82,49.32,149.55,1.44,36.83,546.93,32.16,11,Urea,181.35,Pre-harvest
Wheat,Andhra Pradesh,Silty,7.49,137.42,30.6,83.95,1.27,32.18,472.69,29.8,9,Potash,170.74,Before sowing
Wheat,Gujarat,Sandy,6.89,143.9,35.87,100.91,1.02,28.25,564.07,25.54,14,Compost,102.06,Mid growth
Millet,Tamil Nadu,Peaty,5.85,157.14,26.15,99.05,1.46,30.8,547.63,27.98,15,DAP,155.76,Before sowing
Groundnut,Gujarat,Peaty,6.07,136.9,30.17,114.27,1.54,20.13,561.12,25.31,18,Compost,134.01,Pre-harvest
Wheat,Andhra Pradesh,Loamy,6.13,111.58,26.49,117.24,0.8,37.0,603.85,24.3,6,Urea,183.78,Pre-harvest
Soybean,Karnataka,Silty,6.59,153.0,32.02,134.43,1.45,27.74,616.7,24.97,11,DAP,186.09,Mid growth
Wheat,Karnataka,Peaty,7.48,153.94,38.17,132.52,1.11,27.65,438.29,27.91,12,DAP,198.74,Pre-harvest
Maize,Gujarat,Sandy,7.08,111.63,39.39,122.45,1.39,21.35,567.16,28.89,18,Urea,197.3,Pre-harvest
Maize,Gujarat,Sandy,6.14,147.51,40.94,82.71,1.23,20.38,445.1,23.24,18,Potash,85.9,Pre-harvest
Tomato,Karnataka,Sandy,6.48,153.92,59.01,150.02,1.2,22.07,665.69,23.48,14,Compost,127.96,Before sowing
Maize,Karnataka,Loamy,7.19,111.24,27.14,97.38,0.98,25.97,568.12,25.93,11,Urea,186.11,Pre-harvest
Sugarcane,Karnataka,Loamy,5.88,131.59,56.59,151.91,1.71,36.5,906.54,30.16,11,Compost,136.88,Pre-harvest
Wheat,Karnataka,Sandy,6.78,118.46,25.43,107.54,1.09,23.25,762.32,24.96,16,Urea,139.46,After sowing
Sugarcane,Tamil Nadu,Silty,6.92,177.49,44.03,109.86,1.71,30.28,1399.01,29.59,6,Compost,108.87,Mid growth
Maize,Tamil Nadu,Peaty,7.49,116.42,34.72,136.45,1.19,36.36,473.73,22.99,13,Urea,102.85,Before sowing
Tomato,Andhra Pradesh,Peaty,5.91,153.4,46.74,143.73,1.74,38.82,907.5,26.58,14,Compost,172.12,Pre-harvest
Groundnut,Tamil Nadu,Sandy,7.04,160.59,53.06,96.82,1.39,20.34,796.0,24.27,6,Potash,159.23,Pre-harvest
Cotton,Maharashtra,Silty,7.13,139.67,40.61,142.36,1.34,38.01,814.81,28.32,13,Urea,117.98,After sowing
Maize,Karnataka,Silty,5.86,127.78,43.29,103.21,0.95,38.83,505.98,22.44,17,Urea,157.5,Mid growth
Millet,Tamil Nadu,Peaty,6.96,135.17,39.85,89.57,1.18,31.47,617.6,27.98,18,Potash,171.35,Before sowing
Maize,Gujarat,Clay,7.07,129.31,44.0,110.1,1.13,25.12,477.18,23.08,9,DAP,120.53,Before sowing
Rice,Karnataka,Peaty,6.4,168.13,45.38,121.98,1.34,29.06,1017.69,29.95,9,Potash,184.6,Pre-harvest
Rice,Gujarat,Sandy,6.74,141.82,46.48,154.23,1.16,36.96,1086.85,34.97,11,Compost,177.89,Mid growth
Sugarcane,Gujarat,Peaty,5.93,170.58,44.4,118.5,1.18,20.98,1155.97,34.51,20,Potash,121.51,Mid growth
Maize,Gujarat,Loamy,7.06,116.3,41.4,109.58,0.89,30.55,408.38,23.36,12,Urea,108.22,Pre-harvest
Wheat,Andhra Pradesh,Loamy,6.32,102.18,31.79,82.02,1.44,36.93,430.8,20.5,11,Urea,105.29,Mid growth
Wheat,Tamil Nadu,Peaty,7.48,116.1,30.24,107.87,0.94,33.83,591.36,28.73,10,Urea,132.44,After sowing
Rice,Andhra Pradesh,Silty,5.81,163.92,36.54,104.13,1.72,21.07,1287.07,27.52,17,Compost,82.73,Pre-harvest
Potato,Karnataka,Sandy,6.02,177.77,36.45,144.35,1.61,25.96,640.08,25.07,15,Compost,143.15,After sowing
Tomato,Karnataka,Silty,6.97,159.54,48.56,152.19,1.23,29.58,945.16,24.89,13,Compost,118.25,Mid growth
Maize,Maharashtra,Silty,5.89,104.29,48.79,100.4,0.99,38.72,722.56,25.38,19,Urea,182.75,Pre-harvest
Potato,Gujarat,Peaty,7.0,172.69,39.13,130.59,1.49,38.34,983.97,25.57,19,Potash,112.53,Before sowing
Tomato,Karnataka,Sandy,7.37,171.19,61.89,135.6,1.37,20.11,878.54,26.4,11,Compost,157.79,Mid growth
Maize,Tamil Nadu,Sandy,6.5,113.47,25.66,127.39,0.97,34.66,549.02,22.54,9,Urea,108.06,Mid growth
Millet,Karnataka,Clay,7.06,146.49,48.97,136.08,1.38,29.42,574.38,25.17,13,Compost,115.77,Mid growth
Millet,Tamil Nadu,Sandy,6.33,149.96,26.19,85.75,0.87,26.18,597.79,23.73,15,DAP,81.14,Pre-harvest
Wheat,Tamil Nadu,Loamy,7.17,148.78,29.01,122.56,1.4,26.13,637.82,25.53,14,DAP,152.65,After sowing
Cotton,Karnataka,Sandy,6.01,150.05,35.85,132.42,1.28,29.43,884.24,32.94,5,Potash,183.91,Pre-harvest
Sugarcane,Gujarat,Clay,6.67,151.27,53.49,122.69,1.65,23.71,1231.32,30.16,6,Compost,162.79,Mid growth
Tomato,Gujarat,Clay,6.09,188.61,49.79,130.91,1.21,21.6,704.37,20.53,10,Potash,104.44,After sowing
Potato,Karnataka,Sandy,6.49,154.53,61.75,124.29,1.6,35.83,939.74,22.03,6,Compost,186.2,Before sowing
Potato,Tamil Nadu,Peaty,7.15,136.7,49.03,114.25,1.61,20.43,701.52,19.97,5,Compost,198.74,Pre-harvest
Rice,Andhra Pradesh,Silty,6.53,161.44,38.42,132.36,1.79,20.28,861.53,28.78,5,Compost,198.03,Mid growth
Groundnut,Karnataka,Loamy,6.4,167.32,36.66,126.24,1.56,37.12,549.83,28.87,19,Compost,180.71,Mid growth
Rice,Tamil Nadu,Peaty,6.84,144.99,59.92,112.98,1.49,32.31,819.51,29.58,15,DAP,113.73,Before sowing
Groundnut,Andhra Pradesh,Sandy,6.19,119.61,48.89,129.45,1.55,28.1,867.18,25.21,10,Urea,168.46,Pre-harvest
Sugarcane,Andhra Pradesh,Silty,6.82,124.98,36.87,159.7,1.74,23.31,1067.09,31.79,10,Compost,80.15,Mid growth
Wheat,Tamil Nadu,Silty,7.42,127.33,30.32,92.33,1.38,20.25,460.33,29.75,20,Potash,195.25,Mid growth
Wheat,Maharashtra,Peaty,7.12,113.96,28.96,110.98,1.36,21.9,547.53,22.22,18,Urea,101.62,After sowing
Maize,Tamil Nadu,Peaty,7.21,118.73,25.99,103.77,1.45,23.6,537.71,26.53,17,Urea,156.65,Before sowing
Tomato,Tamil Nadu,Clay,6.05,162.06,42.61,141.46,1.52,23.84,977.57,22.36,16,Compost,142.09,Mid growth
Millet,Tamil Nadu,Clay,5.91,134.4,34.72,111.0,0.92,22.83,712.96,21.45,11,Mixed,128.91,Pre-harvest
Sugarcane,Tamil Nadu,Clay,6.34,163.53,31.24,134.67,1.11,38.13,1092.92,32.65,4,DAP,103.17,Pre-harvest
Millet,Andhra Pradesh,Sandy,7.13,118.29,37.17,112.68,0.92,34.47,541.55,22.84,6,Urea,136.94,Before sowing
Sugarcane,Andhra Pradesh,Clay,7.11,170.37,31.42,132.91,1.19,23.36,1063.94,32.48,16,Potash,101.65,Mid growth
Sugarcane,Maharashtra,Sandy,5.98,124.6,41.95,119.72,1.5,22.02,1041.23,34.11,14,Compost,80.54,After sowing
Sugarcane,Karnataka,Peaty,6.1,176.62,43.37,131.3,1.77,36.54,1389.58,28.33,7,Compost,104.8,Mid growth
Tomato,Maharashtra,Clay,6.94,157.43,44.11,129.83,1.43,33.33,621.72,19.75,9,Potash,83.57,Pre-harvest
Groundnut,Gujarat,Sandy,7.49,142.35,34.82,101.91,1.34,21.68,579.71,26.58,19,Urea,94.8,Pre-harvest
Maize,Tamil Nadu,Sandy,7.04,111.11,44.79,127.48,0.94,37.14,439.11,22.46,5,Urea,139.58,After sowing
Wheat,Maharashtra,Loamy,7.23,122.38,32.72,98.4,0.85,36.6,752.39,23.5,20,Potash,177.17,Mid growth
Wheat,Karnataka,Silty,6.78,128.9,49.36,97.92,0.92,27.88,672.37,24.4,14,Potash,184.12,Before sowing
Cotton,Gujarat,Peaty,6.54,165.87,37.1,103.7,1.31,29.92,667.96,25.35,5,Mixed,166.84,After sowing
Potato,Maharashtra,Loamy,6.21,148.27,57.12,132.81,1.37,26.43,612.93,23.04,10,DAP,138.48,Pre-harvest
Tomato,Tamil Nadu,Clay,7.22,160.08,64.27,119.76,1.78,34.45,889.36,18.12,8,Compost,107.0,Before sowing
Cotton,Tamil Nadu,Silty,7.14,122.76,33.89,101.88,1.32,25.08,620.63,31.92,9,Urea,169.67,Mid growth
Sugarcane,Maharashtra,Silty,6.9,142.19,43.35,116.22,1.65,37.51,866.29,29.1,11,Compost,104.85,Before sowing
Groundnut,Karnataka,Loamy,7.15,123.65,52.72,147.81,1.23,32.07,574.16,32.32,6,Compost,84.2,Pre-harvest
Maize,Maharashtra,Peaty,7.1,131.52,41.44,81.95,1.32,29.71,466.5,26.56,6,Potash,134.63,Before sowing
Rice,Maharashtra,Silty,7.14,127.52,32.24,159.73,1.59,21.31,1231.88,27.24,14,Compost,106.97,Pre-harvest
Wheat,Andhra Pradesh,Clay,6.87,111.17,32.97,116.68,0.94,37.84,694.4,25.52,4,Urea,88.43,After sowing
Groundnut,Maharashtra,Clay,7.32,133.38,33.58,135.96,1.17,35.89,683.68,24.84,17,Potash,110.16,Mid growth
Cotton,Maharashtra,Sandy,7.42,136.1,31.51,141.29,1.15,23.43,577.22,31.52,4,Compost,176.03,Pre-harvest
Wheat,Karnataka,Clay,6.29,127.33,31.69,84.54,1.03,25.88,720.18,26.06,15,Potash,156.17,Pre-harvest
Cotton,Maharashtra,Peaty,7.49,123.69,36.34,123.72,1.24,28.6,684.89,24.14,13,Mixed,175.34,Mid growth
Tomato,Karnataka,Peaty,6.79,171.85,48.31,120.55,1.43,29.29,894.72,22.27,11,Mixed,117.53,After sowing
Rice,Gujarat,Peaty,7.21,177.48,56.44,149.09,1.74,24.9,1106.46,28.8,7,Compost,190.58,Mid growth
Tomato,Maharashtra,Loamy,6.89,179.08,36.55,134.38,1.42,22.66,651.92,18.76,14,Potash,89.85,Mid growth
Wheat,Gujarat,Silty,6.91,149.12,49.76,100.67,1.16,33.57,597.65,22.12,17,Compost,146.67,After sowing
Soybean,Karnataka,Sandy,7.11,168.17,30.59,106.04,1.5,29.24,638.09,31.84,4,Compost,187.79,Before sowing
Soybean,Karnataka,Silty,5.89,118.07,52.11,125.45,1.57,29.0,645.43,26.48,7,Urea,140.66,After sowing
Rice,Tamil Nadu,Clay,7.09,176.24,39.06,140.28,1.31,31.59,815.62,27.08,14,Compost,103.75,Pre-harvest
Soybean,Andhra Pradesh,Clay,6.46,124.16,47.77,116.53,1.24,32.66,716.24,24.08,20,Urea,154.86,After sowing
Soybean,Gujarat,Silty,7.33,132.59,44.61,122.32,1.06,36.1,615.6,27.28,7,Mixed,81.07,Pre-harvest
Soybean,Maharashtra,Peaty,6.92,112.82,43.92,103.41,1.01,30.87,627.43,27.54,20,Urea,172.24,Before sowing
Sugarcane,Maharashtra,Clay,6.47,144.05,39.6,101.15,1.36,35.71,1301.62,34.07,16,Potash,143.01,After sowing
Wheat,Maharashtra,Clay,6.06,122.75,46.46,100.25,0.94,33.2,677.89,28.98,6,DAP,109.17,Pre-harvest
Maize,Karnataka,Loamy,7.11,132.54,36.84,92.14,0.93,21.63,699.55,20.71,6,Potash,91.86,After sowing
Potato,Tamil Nadu,Sandy,6.11,142.53,61.74,158.63,1.75,35.4,616.72,27.47,11,Compost,156.37,Pre-harvest
Groundnut,Tamil Nadu,Sandy,6.16,150.05,51.37,112.08,1.33,34.83,532.15,27.53,19,Potash,180.61,After sowing
Cotton,Tamil Nadu,Peaty,7.21,149.42,43.06,94.17,1.06,21.72,712.92,29.27,18,Potash,112.08,Pre-harvest
Wheat,Andhra Pradesh,Sandy,5.94,136.48,32.27,81.75,1.27,28.04,708.47,21.3,10,Potash,178.68,Pre-harvest
Sugarcane,Gujarat,Peaty,5.99,124.37,38.15,153.88,1.62,28.2,1400.44,28.7,16,Compost,194.23,After sowing
Soybean,Karnataka,Sandy,7.21,126.4,32.99,147.65,1.59,29.14,757.31,24.27,5,Compost,113.42,Mid growth
Sugarcane,Tamil Nadu,Loamy,6.98,120.83,46.0,117.35,1.19,22.72,1027.5,27.46,7,Mixed,89.79,Before sowing
Potato,Karnataka,Loamy,6.43,149.66,63.71,125.94,1.5,23.76,683.79,22.31,7,Compost,112.62,Before sowing
Cotton,Andhra Pradesh,Silty,6.84,128.37,46.97,117.91,1.53,29.4,522.43,24.11,14,Compost,105.62,Mid growth
Sugarcane,Maharashtra,Silty,6.75,151.48,31.38,151.77,1.78,31.38,879.09,31.2,5,Compost,185.62,Mid growth
Potato,Andhra Pradesh,Sandy,6.79,180.77,39.87,145.52,1.39,28.4,732.42,25.95,6,Compost,103.42,Mid growth
Groundnut,Karnataka,Clay,6.34,115.5,31.52,143.73,1.29,23.88,882.73,28.67,4,Urea,80.81,Mid growth
Sugarcane,Tamil Nadu,Loamy,7.44,123.64,58.75,137.07,1.52,28.36,1273.92,30.73,16,Compost,165.72,After sowing
Wheat,Karnataka,Silty,5.98,114.78,29.39,87.9,1.26,30.12,727.58,28.58,11,Urea,172.3,Mid growth
Tomato,Karnataka,Sandy,7.34,169.01,45.9,120.76,1.25,22.84,961.37,25.17,8,DAP,143.27,Pre-harvest
Rice,Gujarat,Sandy,6.73,128.1,53.91,119.54,1.71,38.34,1145.58,33.52,8,Compost,123.76,Mid growth
Sugarcane,Maharashtra,Loamy,5.96,127.37,46.73,137.87,1.34,39.53,1067.74,34.49,6,Mixed,110.23,Mid growth
Maize,Maharashtra,Clay,6.59,102.19,35.54,103.07,0.81,21.89,728.87,24.53,15,Urea,121.82,Before sowing
Maize,Gujarat,Peaty,7.22,153.24,33.04,121.36,1.24,34.08,795.65,25.57,8,Urea,106.95,Pre-harvest
Tomato,Gujarat,Peaty,7.13,136.63,49.11,133.36,1.55,28.35,964.85,24.5,17,Compost,153.42,Mid growth
Rice,Maharashtra,Peaty,6.82,137.89,52.9,154.81,1.46,27.55,1090.14,25.69,17,Potash,160.78,Before sowing
Maize,Andhra Pradesh,Loamy,6.46,136.03,47.82,93.7,0.88,21.12,439.16,29.36,12,Potash,149.05,Before sowing
Wheat,Gujarat,Clay,6.67,132.35,47.07,111.08,0.96,22.87,630.2,24.16,8,DAP,190.1,Mid growth
Cotton,Andhra Pradesh,Loamy,6.21,168.19,49.75,101.4,1.26,27.87,851.25,26.2,18,Urea,188.44,Before sowing
Maize,Maharashtra,Peaty,7.06,111.32,35.8,92.65,1.33,36.53,575.94,20.55,18,Urea,156.45,After sowing
Soybean,Gujarat,Loamy,5.94,133.03,52.41,98.07,1.49,23.3,858.05,32.08,6,Potash,143.73,After sowing
Tomato,Maharashtra,Silty,6.89,162.3,54.9,131.88,1.66,38.67,897.57,27.19,6,Compost,147.62,After sowing
Cotton,Karnataka,Loamy,5.87,148.28,48.72,110.4,1.11,34.33,738.87,29.8,12,Potash,141.61,Pre-harvest
Groundnut,Maharashtra,Silty,7.14,134.99,34.42,107.13,1.47,24.19,744.6,27.06,13,Potash,111.86,Before sowing
Wheat,Gujarat,Clay,7.32,113.65,34.2,83.38,1.0,30.0,748.11,23.34,18,Urea,144.43,Mid growth
Potato,Karnataka,Peaty,6.53,138.21,58.58,152.51,1.3,20.27,842.34,19.19,7,Mixed,170.44,Mid growth
Tomato,Andhra Pradesh,Clay,6.84,186.06,47.82,123.26,1.75,21.16,857.53,20.77,9,Compost,118.53,Pre-harvest
Groundnut,Gujarat,Silty,7.31,161.79,35.24,109.63,1.36,27.58,736.04,29.14,17,Potash,95.55,After sowing
Sugarcane,Andhra Pradesh,Silty,7.01,153.23,46.11,137.47,1.21,27.42,1065.47,31.33,10,Potash,99.46,Pre-harvest
Potato,Karnataka,Clay,6.41,163.44,46.86,158.53,1.5,28.6,752.22,27.38,5,Compost,91.98,After sowing
Rice,Maharashtra,Loamy,6.85,149.82,51.98,155.37,1.65,26.03,1478.43,29.79,11,Compost,114.83,Pre-harvest
Millet,Tamil Nadu,Loamy,7.17,135.78,49.98,129.62,1.24,24.62,752.83,27.99,11,Potash,186.37,After sowing
Sugarcane,Andhra Pradesh,Silty,7.3,142.22,42.98,135.99,1.38,28.11,1213.91,30.21,15,DAP,171.29,After sowing
Groundnut,Andhra Pradesh,Clay,6.49,157.51,34.7,109.83,1.2,32.97,675.47,29.87,11,DAP,109.57,After sowing
Tomato,Tamil Nadu,Sandy,7.15,164.04,52.16,133.07,1.43,36.09,694.6,20.99,14,Compost,141.81,Pre-harvest
Potato,Gujarat,Loamy,6.19,143.63,54.41,120.65,1.55,31.76,919.46,21.64,17,Compost,131.14,After sowing
Wheat,Andhra Pradesh,Silty,6.98,108.25,37.48,112.04,0.97,38.12,771.19,27.95,12,Urea,195.4,Pre-harvest
Cotton,Andhra Pradesh,Clay,7.37,148.77,48.07,146.0,1.34,28.18,828.65,24.52,5,Potash,145.19,Before sowing
Cotton,Maharashtra,Loamy,7.47,152.24,50.21,140.66,1.06,29.84,685.01,28.59,8,Compost,188.38,Mid growth
Soybean,Andhra Pradesh,Peaty,6.58,136.36,51.06,132.88,1.27,33.78,831.56,28.65,17,Urea,161.69,Pre-harvest
Maize,Andhra Pradesh,Sandy,7.35,136.86,46.26,115.74,1.27,39.61,723.86,26.94,19,Compost,110.24,Pre-harvest
Groundnut,Tamil Nadu,Clay,6.15,114.28,40.07,138.94,1.19,30.33,775.96,29.07,6,Urea,165.1,Pre-harvest
Wheat,Tamil Nadu,Sandy,6.15,157.58,45.43,104.38,1.05,25.96,778.12,21.96,11,Compost,199.43,Pre-harvest
Rice,Gujarat,Loamy,7.27,161.97,38.13,153.56,1.61,37.32,1210.77,33.18,17,Compost,183.87,After sowing
Tomato,Maharashtra,Silty,6.45,133.56,49.66,118.11,1.39,24.01,873.21,19.64,7,Urea,164.98,After sowing
Cotton,Andhra Pradesh,Clay,6.44,147.54,40.58,95.66,1.4,26.19,765.24,29.81,20,Potash,171.26,Before sowing
Potato,Maharashtra,Silty,6.21,173.0,41.09,123.88,1.61,33.78,855.17,20.3,5,Compost,167.83,After sowing
Potato,Andhra Pradesh,Clay,7.09,132.01,39.34,112.4,1.79,21.86,640.49,21.0,8,Compost,115.68,After sowing
Tomato,Tamil Nadu,Loamy,7.18,156.47,38.71,125.47,1.54,25.76,737.34,23.14,9,Compost,80.62,Before sowing
Maize,Maharashtra,Clay,6.66,156.17,49.22,137.27,1.46,34.89,787.22,24.5,19,Mixed,115.94,After sowing
Groundnut,Gujarat,Clay,7.25,150.4,48.26,91.37,1.55,26.21,772.84,27.67,19,Potash,155.53,Before sowing
Potato,Gujarat,Silty,5.91,182.35,61.68,115.3,1.4,25.44,708.9,24.06,6,DAP,177.63,After sowing
Potato,Karnataka,Loamy,7.24,144.35,48.6,129.06,1.71,28.6,692.17,27.22,16,Compost,97.16,Before sowing
Maize,Gujarat,Peaty,6.09,134.49,25.07,118.6,1.08,31.64,684.8,25.11,9,DAP,185.89,Mid growth
Tomato,Andhra Pradesh,Clay,6.25,172.32,39.22,135.95,1.41,22.26,752.5,23.09,6,DAP,90.12,After sowing
Sugarcane,Gujarat,Silty,6.11,160.22,51.85,144.9,1.71,28.73,994.57,33.66,19,Compost,112.35,Mid growth
Soybean,Andhra Pradesh,Peaty,7.48,147.38,37.69,138.78,1.1,33.3,537.95,31.85,14,Potash,88.89,After sowing
Tomato,Gujarat,Loamy,6.72,156.74,46.99,112.69,1.41,31.2,807.76,25.4,12,Potash,146.98,After sowing
Potato,Tamil Nadu,Clay,5.97,185.74,45.66,113.32,1.75,21.16,961.13,24.88,9,Compost,176.94,Pre-harvest
Rice,Karnataka,Sandy,6.26,167.96,35.82,141.98,1.31,30.2,1282.32,29.85,17,Urea,130.83,Before sowing
Potato,Gujarat,Peaty,7.21,139.55,57.76,153.51,1.23,33.56,688.93,27.43,13,Urea,147.14,Mid growth
Tomato,Gujarat,Clay,6.78,136.05,49.91,123.19,1.49,28.05,923.48,19.4,20,Compost,140.31,After sowing
Wheat,Gujarat,Sandy,6.79,145.45,37.37,126.4,1.35,27.71,534.87,21.91,9,Potash,102.37,Before sowing
Cotton,Karnataka,Clay,7.11,142.53,40.82,128.4,1.15,26.08,897.03,25.75,4,Mixed,158.12,Mid growth
Sugarcane,Andhra Pradesh,Sandy,7.43,174.92,31.77,148.25,1.52,27.79,1371.19,30.7,4,Compost,107.44,Before sowing
Soybean,Karnataka,Clay,6.47,130.75,50.89,142.25,1.4,30.12,738.84,31.25,13,DAP,137.77,Before sowing
Rice,Karnataka,Silty,5.86,142.3,46.4,135.41,1.06,35.7,1306.53,27.45,9,Potash,85.41,Mid growth
Maize,Gujarat,Silty,5.91,149.67,34.2,99.74,1.46,34.08,715.47,25.32,5,Potash,131.82,Before sowing
Tomato,Gujarat,Clay,6.81,159.83,59.42,138.17,1.4,33.76,777.21,22.23,12,Potash,81.18,Before sowing
Potato,Karnataka,Sandy,7.17,143.66,60.36,118.35,1.61,39.61,839.56,27.24,4,Compost,128.04,After sowing
Cotton,Andhra Pradesh,Loamy,6.27,124.42,51.09,109.11,1.07,20.93,751.73,30.91,11,Compost,138.69,Mid growth
Tomato,Gujarat,Sandy,5.99,171.39,63.53,120.99,1.76,39.07,950.68,22.56,19,Compost,165.75,After sowing
Tomato,Maharashtra,Loamy,6.2,133.44,57.27,146.89,1.28,34.54,686.95,18.33,11,Mixed,108.98,Mid growth
Wheat,Karnataka,Silty,7.43,100.57,32.86,116.46,1.44,27.39,453.94,22.83,15,Urea,150.02,After sowing
Soybean,Gujarat,Sandy,6.11,120.97,30.03,112.15,1.3,27.79,638.11,31.55,10,Compost,90.17,Pre-harvest
Wheat,Maharashtra,Loamy,7.46,141.91,44.03,90.14,0.91,20.93,639.06,24.16,5,Potash,106.01,Before sowing
Rice,Karnataka,Loamy,6.74,142.92,59.06,123.97,1.16,21.56,876.62,31.35,14,Mixed,114.57,After sowing
Cotton,Gujarat,Clay,7.43,156.7,30.89,145.23,1.28,32.02,796.72,26.33,17,DAP,110.26,After sowing
Tomato,Andhra Pradesh,Loamy,7.14,166.07,63.13,136.72,1.59,37.9,932.34,21.08,19,Compost,176.5,After sowing
Cotton,Karnataka,Clay,6.32,140.72,35.16,141.88,1.27,34.13,731.13,29.33,8,DAP,137.58,Pre-harvest
Millet,Andhra Pradesh,Loamy,6.63,155.29,38.3,108.3,1.27,23.55,462.22,24.24,4,Compost,163.02,Mid growth
Potato,Karnataka,Peaty,6.69,147.99,42.58,114.71,1.42,28.39,924.02,26.8,10,Compost,121.82,Before sowing
Soybean,Maharashtra,Silty,6.44,152.84,31.08,145.21,1.54,36.86,516.76,31.19,8,Compost,182.8,After sowing
Rice,Andhra Pradesh,Clay,6.15,131.26,34.29,105.97,1.12,27.96,1487.62,32.58,12,Mixed,139.4,After sowing
Millet,Gujarat,Silty,6.15,145.37,33.65,94.13,1.5,30.21,416.77,24.33,11,Potash,181.49,Before sowing
Sugarcane,Maharashtra,Sandy,6.91,171.95,54.76,127.38,1.31,31.62,1113.03,33.05,18,Potash,128.96,Mid growth
Rice,Andhra Pradesh,Sandy,5.87,134.71,59.48,101.73,1.64,33.54,880.29,30.56,13,Compost,90.74,Pre-harvest
Maize,Andhra Pradesh,Loamy,6.28,145.39,44.39,85.69,1.02,24.82,468.18,26.95,9,Potash,116.73,After sowing
Wheat,Andhra Pradesh,Peaty,6.68,102.06,27.08,99.54,0.87,20.73,684.03,25.43,16,Urea,166.49,Pre-harvest
Potato,Karnataka,Silty,6.81,177.76,53.26,151.44,1.34,35.43,636.89,27.15,6,Compost,103.14,Mid growth
Sugarcane,Maharashtra,Loamy,6.31,169.51,50.1,108.06,1.53,38.42,974.63,25.47,14,Compost,182.98,Before sowing
Millet,Andhra Pradesh,Peaty,6.49,119.14,39.71,98.45,1.45,28.91,618.07,22.12,15,Urea,83.94,Before sowing
Wheat,Gujarat,Sandy,6.04,102.7,28.48,113.27,0.93,31.02,753.21,26.41,4,Urea,95.29,Mid growth
Sugarcane,Maharashtra,Peaty,7.23,174.57,38.41,103.54,1.48,21.6,1247.23,30.66,7,Mixed,111.82,Mid growth
Potato,Karnataka,Loamy,6.52,132.8,43.21,152.12,1.21,21.68,823.91,25.99,18,Potash,88.46,Before sowing
Rice,Gujarat,Silty,6.83,162.43,54.95,138.41,1.3,31.62,1352.31,33.89,12,DAP,170.21,Pre-harvest
Tomato,Gujarat,Peaty,6.49,142.73,42.08,146.06,1.44,34.44,616.13,26.81,11,DAP,189.92,Mid growth
Rice,Maharashtra,Loamy,5.82,140.06,50.83,132.55,1.37,34.05,921.16,34.32,16,Mixed,155.75,After sowing
Groundnut,Tamil Nadu,Clay,6.96,169.69,43.19,90.09,1.21,21.04,897.92,28.84,11,Potash,142.65,After sowing
Tomato,Tamil Nadu,Loamy,6.45,144.18,59.66,111.92,1.23,22.52,934.86,22.75,10,Urea,130.66,Mid growth
Maize,Maharashtra,Loamy,6.1,143.19,30.82,115.84,1.31,32.3,463.14,21.28,12,Compost,153.11,Pre-harvest
Groundnut,Gujarat,Peaty,6.36,114.63,37.32,102.98,1.48,31.13,872.54,26.26,4,Urea,118.75,Pre-harvest
Maize,Andhra Pradesh,Peaty,7.47,115.91,30.11,131.82,0.95,32.09,495.35,22.52,18,Urea,180.53,After sowing
Soybean,Gujarat,Loamy,6.88,163.53,43.14,128.93,1.4,24.08,736.54,32.47,17,Compost,156.19,Mid growth
Cotton,Andhra Pradesh,Loamy,6.14,119.39,47.0,109.36,1.27,32.58,668.87,26.29,16,Urea,81.08,After sowing
Maize,Tamil Nadu,Sandy,7.0,154.64,49.75,116.65,1.45,33.66,713.75,25.61,20,Compost,182.31,After sowing
Millet,Andhra Pradesh,Sandy,7.44,118.54,39.0,118.95,1.19,29.84,458.75,20.46,17,Urea,147.03,Mid growth
Groundnut,Andhra Pradesh,Silty,7.02,135.62,34.3,114.31,1.29,29.96,758.02,25.54,19,Urea,97.62,Mid growth
Soybean,Karnataka,Silty,6.16,164.52,37.01,130.08,1.1,39.55,895.17,31.89,17,Mixed,179.84,Mid growth
Sugarcane,Tamil Nadu,Clay,7.14,158.77,43.99,152.16,1.48,20.74,1169.51,29.12,13,Urea,110.53,Pre-harvest
Rice,Maharashtra,Sandy,7.05,147.02,39.8,104.24,1.69,20.42,1013.28,34.24,17,Compost,146.47,After sowing
Groundnut,Tamil Nadu,Sandy,7.37,155.17,34.16,124.75,1.0,32.28,539.79,29.74,13,Mixed,95.27,Before sowing
Potato,Andhra Pradesh,Clay,5.86,165.18,35.26,138.91,1.25,33.64,973.85,19.19,11,Mixed,134.67,Pre-harvest
Millet,Karnataka,Peaty,6.15,124.92,48.35,81.41,1.2,30.21,558.51,27.84,12,Potash,184.78,Mid growth
Potato,Maharashtra,Clay,7.0,175.09,38.93,154.46,1.68,27.84,954.64,26.75,20,Compost,142.35,Pre-harvest
Millet,Tamil Nadu,Silty,6.79,132.88,47.49,121.73,1.5,30.73,716.42,29.69,9,Mixed,91.46,Before sowing
Maize,Karnataka,Clay,6.97,121.0,30.23,102.57,1.25,30.63,591.39,23.6,18,Urea,170.28,Pre-harvest
Sugarcane,Karnataka,Loamy,7.46,154.29,40.74,129.06,1.16,37.27,979.97,30.92,7,DAP,97.51,Pre-harvest
Groundnut,Tamil Nadu,Loamy,6.7,154.9,52.87,148.12,1.22,24.67,760.37,32.77,18,Urea,104.43,Before sowing
Potato,Maharashtra,Loamy,6.07,183.33,40.89,116.29,1.53,28.47,715.5,20.93,8,Compost,145.56,Mid growth
Rice,Maharashtra,Sandy,6.92,126.61,46.67,115.74,1.06,37.35,1323.74,25.59,16,Potash,188.18,Mid growth
Groundnut,Karnataka,Clay,6.69,133.31,47.55,104.15,1.02,27.67,659.49,24.08,13,Urea,87.9,Mid growth
Cotton,Tamil Nadu,Sandy,7.04,117.85,47.18,96.24,1.11,25.23,683.47,32.99,4,Urea,180.37,Pre-harvest
Tomato,Karnataka,Silty,6.2,138.91,49.21,131.79,1.22,36.24,823.83,25.67,10,Potash,125.28,After sowing
Wheat,Tamil Nadu,Sandy,6.77,139.07,45.57,89.25,0.84,36.68,770.65,25.83,5,Potash,128.72,After sowing
Wheat,Maharashtra,Silty,7.13,145.28,35.76,120.47,1.04,33.74,491.65,29.01,11,Mixed,126.84,Before sowing
Maize,Tamil Nadu,Loamy,6.43,138.88,37.78,95.83,1.37,21.11,483.9,29.45,9,Potash,162.38,After sowing
Millet,Gujarat,Peaty,7.04,146.26,26.97,83.8,1.07,31.34,736.16,25.09,17,DAP,106.62,After sowing
Groundnut,Andhra Pradesh,Clay,7.01,153.33,52.49,128.71,1.34,33.53,723.55,26.57,11,Compost,88.05,Pre-harvest
Groundnut,Gujarat,Silty,6.13,134.24,35.43,91.08,1.32,28.81,585.52,27.12,14,Potash,128.94,After sowing
Tomato,Andhra Pradesh,Peaty,6.82,134.83,41.12,116.4,1.46,27.92,634.9,18.84,18,Urea,192.07,After sowing
Rice,Tamil Nadu,Silty,6.86,156.16,34.87,117.98,1.8,30.83,1361.47,31.95,17,Compost,85.93,Mid growth
Tomato,Andhra Pradesh,Silty,6.48,183.73,42.82,118.55,1.29,39.04,819.11,25.11,7,DAP,178.91,Pre-harvest
Potato,Gujarat,Sandy,6.59,162.97,56.23,112.23,1.4,29.28,616.4,19.18,15,DAP,152.81,Before sowing
Sugarcane,Maharashtra,Clay,6.81,138.69,36.52,126.21,1.77,29.45,1060.56,32.88,9,Compost,111.47,Mid growth
Wheat,Gujarat,Peaty,7.1,106.79,26.25,116.32,1.24,22.4,434.13,21.93,9,Urea,108.4,Before sowing
Rice,Tamil Nadu,Sandy,6.25,176.69,32.56,130.49,1.72,36.5,942.73,34.97,11,Compost,84.58,Pre-harvest
Millet,Andhra Pradesh,Clay,6.73,154.15,47.68,133.97,1.24,22.0,789.64,27.58,6,DAP,185.53,Before sowing
Tomato,Maharashtra,Sandy,6.92,165.21,41.09,114.28,1.5,38.74,909.92,21.84,8,Compost,98.99,Pre-harvest
Tomato,Karnataka,Sandy,6.34,157.93,58.74,130.39,1.26,25.45,798.96,26.62,16,Compost,102.57,Before sowing
Cotton,Karnataka,Peaty,6.52,162.09,40.5,96.78,1.28,22.0,772.02,30.27,11,Potash,146.75,Before sowing
Millet,Karnataka,Peaty,6.22,152.79,49.1,113.18,0.93,35.75,740.2,25.07,10,Urea,122.08,After sowing
Tomato,Karnataka,Loamy,6.3,137.44,43.16,157.33,1.54,36.61,839.58,21.81,9,Compost,183.61,Mid growth
Groundnut,Karnataka,Loamy,6.72,148.65,36.33,132.58,1.08,24.98,540.52,25.42,13,DAP,147.2,Mid growth
Cotton,Andhra Pradesh,Silty,6.18,163.58,49.38,137.9,1.3,39.73,755.53,26.64,18,Urea,102.53,Before sowing
Groundnut,Andhra Pradesh,Peaty,6.0,165.14,38.66,122.73,1.52,31.79,567.18,29.17,19,Compost,88.88,Before sowing
Wheat,Andhra Pradesh,Loamy,7.42,122.46,41.04,139.24,1.43,22.95,544.48,21.43,19,Potash,115.41,Before sowing
Millet,Gujarat,Peaty,7.08,123.86,35.14,91.75,1.36,28.88,719.51,22.25,6,Potash,117.06,After sowing
Potato,Karnataka,Loamy,6.73,167.95,63.12,144.82,1.27,34.5,777.74,22.99,7,Potash,162.43,Pre-harvest
Rice,Maharashtra,Clay,6.81,130.88,36.16,111.3,1.73,27.23,1285.31,25.36,11,Compost,162.32,After sowing
Millet,Gujarat,Loamy,7.01,102.87,25.28,139.47,1.32,24.68,793.14,26.71,18,Urea,178.91,Mid growth
Wheat,Maharashtra,Loamy,6.16,101.69,43.08,113.07,1.49,28.64,593.27,25.76,13,Urea,120.88,Mid growth
Maize,Maharashtra,Sandy,7.04,152.84,41.03,91.5,0.88,35.57,685.59,24.94,7,Potash,191.65,Pre-harvest
Sugarcane,Maharashtra,Sandy,6.79,125.65,48.81,155.67,1.18,27.04,918.51,28.72,15,Compost,134.76,After sowing
Wheat,Tamil Nadu,Peaty,6.59,143.91,44.15,89.93,1.38,23.05,438.55,27.85,13,Potash,174.73,After sowing
Soybean,Tamil Nadu,Silty,5.94,169.25,45.9,100.25,1.33,27.9,854.93,28.94,8,Mixed,106.59,Mid growth
Tomato,Maharashtra,Sandy,6.88,177.21,44.57,139.65,1.53,25.9,679.47,21.74,4,Compost,191.59,Pre-harvest
Rice,Maharashtra,Sandy,5.88,179.43,55.36,129.95,1.73,22.53,1089.57,29.47,5,Compost,98.53,Pre-harvest
Cotton,Andhra Pradesh,Peaty,6.34,141.53,41.25,146.48,1.5,20.42,803.15,32.14,16,Mixed,104.84,Pre-harvest
Groundnut,Andhra Pradesh,Sandy,7.11,142.14,47.72,137.01,1.43,26.85,619.41,31.15,19,Potash,169.53,Mid growth
Groundnut,Gujarat,Loamy,6.12,138.19,46.55,117.93,1.13,31.83,732.64,32.84,10,Compost,171.01,Before sowing
Maize,Tamil Nadu,Sandy,6.75,143.85,33.98,136.46,0.82,24.32,732.24,22.43,17,DAP,170.58,After sowing
Groundnut,Gujarat,Sandy,7.04,143.24,44.38,144.88,1.3,30.6,555.34,29.98,5,DAP,137.5,Mid growth
Groundnut,Tamil Nadu,Peaty,6.68,127.65,52.69,98.86,1.08,39.19,504.89,30.74,5,Potash,168.61,After sowing
Cotton,Tamil Nadu,Sandy,7.36,149.45,30.5,131.02,1.49,23.98,564.7,29.37,8,Compost,160.21,Mid growth
Maize,Gujarat,Clay,6.43,134.53,38.63,113.92,0.83,23.51,476.11,20.58,13,Mixed,87.01,Before sowing
Rice,Karnataka,Clay,7.22,122.82,32.61,110.69,1.14,30.45,812.43,31.01,12,Potash,84.75,After sowing
Sugarcane,Karnataka,Loamy,6.71,178.84,39.74,118.25,1.72,28.59,808.33,28.25,8,Compost,112.81,Mid growth
Tomato,Karnataka,Sandy,6.55,167.21,51.69,124.95,1.3,33.93,917.02,20.51,14,Potash,192.35,Mid growth
Millet,Karnataka,Loamy,7.17,112.92,43.55,90.31,1.05,25.9,608.42,20.01,5,Urea,123.95,Before sowing
Cotton,Karnataka,Silty,6.75,153.28,46.44,101.62,1.33,37.35,530.59,31.41,8,Potash,84.05,After sowing
Soybean,Maharashtra,Clay,6.29,158.26,34.33,99.12,1.5,20.38,595.8,26.6,18,Potash,84.64,Mid growth
Sugarcane,Tamil Nadu,Clay,6.48,177.82,47.91,158.14,1.04,26.21,1399.87,34.23,9,Potash,186.76,Before sowing
Cotton,Maharashtra,Loamy,6.59,156.45,47.01,132.24,1.16,37.13,798.65,30.15,8,Urea,198.65,Mid growth
Tomato,Andhra Pradesh,Silty,6.71,159.74,43.09,158.03,1.42,37.61,928.12,20.34,17,Mixed,101.18,Pre-harvest
Wheat,Karnataka,Peaty,7.08,154.37,44.06,86.92,1.33,34.23,763.44,29.97,17,Potash,86.67,After sowing
Millet,Tamil Nadu,Sandy,7.18,145.34,26.25,113.36,1.32,38.97,579.62,22.56,17,DAP,106.95,After sowing
Groundnut,Maharashtra,Peaty,7.22,130.41,30.87,123.43,1.09,21.44,673.95,26.68,8,Urea,146.6,Pre-harvest
Rice,Gujarat,Peaty,7.43,170.01,39.19,132.3,1.41,23.45,1456.19,29.31,12,Potash,115.04,After sowing
Potato,Gujarat,Sandy,6.37,130.4,51.52,120.44,1.36,31.03,636.07,27.95,12,Urea,133.2,Pre-harvest
Soybean,Tamil Nadu,Clay,6.68,138.74,34.82,110.15,1.16,32.55,859.57,27.95,10,Mixed,182.31,After sowing
Maize,Andhra Pradesh,Silty,7.41,118.85,44.03,139.47,1.26,35.34,791.31,30.0,19,Urea,117.85,After sowing
Groundnut,Tamil Nadu,Loamy,5.94,120.34,30.61,146.64,1.14,27.53,816.51,31.58,11,Potash,196.08,Before sowing
Maize,Karnataka,Loamy,6.33,109.76,47.31,126.93,1.17,32.73,642.49,26.94,20,Urea,176.72,Before sowing
Tomato,Gujarat,Clay,6.45,139.53,58.92,126.83,1.26,32.51,925.21,27.31,6,Mixed,131.45,Before sowing
Wheat,Andhra Pradesh,Clay,5.83,119.72,36.02,138.48,0.92,39.41,699.09,24.8,10,Urea,163.72,Before sowing
Millet,Gujarat,Silty,5.94,124.46,30.52,80.79,1.15,25.52,544.61,29.25,15,Potash,117.14,Before sowing
Groundnut,Karnataka,Clay,6.8,158.59,53.96,97.88,1.57,22.73,899.16,25.84,15,Potash,93.23,After sowing
Cotton,Maharashtra,Sandy,7.48,142.49,50.91,122.74,1.38,20.84,641.7,25.89,19,Urea,161.8,Before sowing
Rice,Karnataka,Clay,7.45,124.23,37.84,124.45,1.12,21.0,1138.07,28.55,12,DAP,139.31,After sowing
Potato,Maharashtra,Peaty,6.67,156.44,62.86,122.59,1.58,27.47,638.43,21.77,19,Compost,101.53,After sowing
Tomato,Maharashtra,Loamy,7.43,157.54,35.51,137.63,1.42,24.18,826.74,26.0,12,Compost,83.77,Mid growth
Soybean,Gujarat,Clay,6.5,145.28,45.6,99.8,1.41,39.81,566.91,26.47,20,Potash,120.12,After sowing
Wheat,Tamil Nadu,Clay,6.83,134.82,44.26,100.52,1.3,37.88,572.93,20.26,10,Urea,145.02,Before sowing
Maize,Gujarat,Silty,5.9,107.84,47.56,122.89,0.97,39.98,522.05,28.06,18,Urea,103.26,Pre-harvest
Cotton,Gujarat,Silty,6.15,138.23,35.51,100.57,1.58,32.32,665.86,31.39,20,Compost,172.88,Mid growth
Sugarcane,Karnataka,Peaty,5.96,144.15,37.94,109.44,1.05,32.82,1016.3,29.38,7,DAP,147.93,Pre-harvest
Millet,Tamil Nadu,Sandy,6.13,106.75,42.35,129.19,1.46,24.73,661.35,23.83,11,Urea,161.48,Pre-harvest
Maize,Andhra Pradesh,Silty,7.29,115.56,41.77,102.09,0.94,25.2,579.53,29.23,20,Urea,170.51,Before sowing
Wheat,Tamil Nadu,Peaty,7.29,146.28,40.12,133.17,0.94,21.6,443.86,20.16,19,Potash,155.09,Before sowing
Maize,Andhra Pradesh,Sandy,6.32,139.72,28.05,124.52,1.42,31.85,533.48,29.13,9,DAP,150.55,Pre-harvest
Potato,Andhra Pradesh,Silty,6.05,150.24,62.67,139.08,1.21,36.94,705.45,25.12,9,Mixed,143.58,Pre-harvest
Soybean,Tamil Nadu,Peaty,7.34,145.67,30.74,132.03,1.46,21.71,777.08,31.53,9,DAP,127.45,After sowing
Millet,Maharashtra,Loamy,5.89,103.31,30.55,131.78,1.27,37.16,492.29,20.54,9,Urea,147.55,Pre-harvest
Tomato,Tamil Nadu,Silty,6.35,169.14,44.62,133.09,1.65,24.82,829.64,27.5,13,Compost,90.82,Pre-harvest
Sugarcane,Andhra Pradesh,Peaty,6.5,169.66,47.51,148.17,1.75,24.51,1038.85,32.65,20,Compost,147.3,Mid growth
Soybean,Gujarat,Loamy,7.39,135.26,52.14,135.84,1.45,20.53,880.0,25.96,18,Mixed,118.84,Before sowing
Soybean,Maharashtra,Silty,6.97,136.46,30.27,140.14,1.22,23.61,859.29,31.39,9,Compost,107.64,Pre-harvest
Tomato,Gujarat,Silty,6.03,188.69,39.43,146.49,1.25,27.35,886.97,26.91,13,Compost,112.54,Mid growth
Rice,Maharashtra,Loamy,7.01,157.57,31.58,124.49,1.33,37.7,1290.6,31.44,10,Potash,185.0,After sowing
Cotton,Gujarat,Sandy,5.94,112.29,34.69,148.88,1.21,39.94,732.93,28.58,16,Urea,167.01,Before sowing
Cotton,Karnataka,Sandy,6.95,120.88,50.65,148.49,1.38,23.33,668.63,26.78,7,DAP,152.13,Pre-harvest
Sugarcane,Maharashtra,Clay,7.25,131.01,45.77,129.58,1.22,36.82,1396.48,31.19,14,Mixed,163.57,After sowing
Cotton,Gujarat,Sandy,7.47,116.19,41.04,124.74,1.49,28.19,797.36,27.93,11,Urea,153.95,Mid growth
Cotton,Andhra Pradesh,Silty,6.37,152.69,30.32,137.46,1.34,30.47,620.48,25.24,15,Mixed,187.63,Mid growth
Sugarcane,Maharashtra,Silty,7.25,144.72,50.42,131.59,1.69,39.34,1229.24,25.35,19,Compost,144.98,Mid growth
Cotton,Maharashtra,Peaty,6.86,118.64,32.11,144.48,1.07,30.52,691.41,32.9,8,Urea,164.88,After sowing
Maize,Maharashtra,Clay,7.42,139.37,40.45,82.03,1.18,24.42,484.32,21.32,11,Potash,112.01,Pre-harvest
Millet,Maharashtra,Silty,7.06,115.62,37.7,86.98,1.16,25.66,669.08,22.22,6,Urea,93.81,After sowing
Tomato,Maharashtra,Peaty,6.37,177.73,64.48,123.96,1.31,27.11,629.44,26.61,8,DAP,87.41,Pre-harvest
Potato,Karnataka,Clay,6.15,159.03,39.02,137.73,1.3,28.17,695.57,23.34,12,Potash,161.25,After sowing
Soybean,Karnataka,Peaty,7.33,146.72,43.85,108.47,1.31,35.37,693.79,25.67,6,Urea,95.85,Mid growth
Sugarcane,Karnataka,Loamy,7.42,141.63,41.77,120.24,1.67,20.96,1371.44,29.22,9,Compost,96.93,After sowing
Potato,Andhra Pradesh,Peaty,7.24,144.26,64.76,143.4,1.62,35.33,633.52,26.27,8,Compost,115.13,Mid growth
Soybean,Karnataka,Silty,6.25,149.83,38.56,96.08,1.22,37.31,579.19,24.79,16,Potash,170.69,Pre-harvest
Groundnut,Maharashtra,Peaty,7.04,140.64,52.17,107.17,1.26,22.57,818.31,31.24,8,Compost,155.24,After sowing
Soybean,Tamil Nadu,Loamy,6.52,162.0,50.14,133.18,1.1,27.48,711.94,25.33,9,Mixed,144.48,Mid growth
Wheat,Gujarat,Silty,7.03,121.98,43.26,99.85,1.04,33.29,474.66,23.7,12,Potash,125.3,Mid growth
Sugarcane,Gujarat,Silty,7.33,148.53,51.14,100.47,1.31,34.07,989.02,30.81,8,Mixed,111.53,Pre-harvest
Wheat,Andhra Pradesh,Sandy,7.38,141.51,27.79,87.22,0.9,31.25,774.75,25.53,20,DAP,146.65,Pre-harvest
Cotton,Maharashtra,Loamy,6.64,138.92,40.45,109.3,1.55,32.34,633.41,30.31,9,Compost,104.05,Mid growth
Tomato,Andhra Pradesh,Sandy,6.81,178.88,47.99,126.25,1.68,31.9,841.23,26.46,15,Compost,168.79,Mid growth
Rice,Maharashtra,Clay,7.31,177.93,56.43,140.13,1.47,39.42,1363.83,26.78,10,Compost,192.98,After sowing
Tomato,Tamil Nadu,Silty,6.7,148.98,54.36,117.75,1.37,24.26,696.53,25.47,14,Urea,153.52,After sowing
Potato,Karnataka,Clay,6.26,144.98,46.67,157.31,1.41,37.94,701.69,27.54,7,Compost,111.12,Mid growth
Wheat,Andhra Pradesh,Sandy,7.36,128.4,30.33,108.34,1.25,33.28,720.75,20.35,6,Compost,101.05,Mid growth
Potato,Tamil Nadu,Sandy,6.82,142.48,60.33,129.53,1.31,32.43,980.48,26.69,7,Mixed,194.89,Pre-harvest
Millet,Karnataka,Clay,7.11,158.98,30.65,122.11,0.84,24.89,434.08,27.74,17,Potash,90.5,After sowing
Maize,Tamil Nadu,Peaty,6.21,102.77,41.77,109.82,0.81,27.64,732.21,20.98,7,Urea,161.65,Pre-harvest
Maize,Andhra Pradesh,Loamy,7.25,157.69,47.45,135.02,1.28,37.38,584.0,28.6,6,DAP,83.85,Pre-harvest
Cotton,Andhra Pradesh,Peaty,6.62,155.66,54.48,92.1,1.05,23.99,835.68,27.78,9,Potash,95.49,Before sowing
Rice,Karnataka,Peaty,6.52,141.54,54.47,146.99,1.04,20.26,996.58,28.99,8,Urea,177.42,After sowing
Soybean,Maharashtra,Clay,7.27,137.05,51.72,134.83,1.24,22.42,611.68,24.35,12,Urea,152.7,Mid growth
Wheat,Tamil Nadu,Loamy,7.32,113.18,38.07,87.75,1.07,24.73,631.82,23.29,6,Urea,112.91,Before sowing
Wheat,Gujarat,Loamy,6.05,145.36,26.1,131.84,0.95,34.38,596.8,21.15,7,DAP,194.15,Pre-harvest
Millet,Karnataka,Loamy,6.12,158.93,36.45,137.11,1.01,21.94,690.64,27.74,16,Mixed,190.73,After sowing
Tomato,Gujarat,Peaty,7.3,176.18,53.23,128.15,1.38,30.6,954.04,26.71,15,Compost,93.22,Pre-harvest
Maize,Andhra Pradesh,Loamy,6.19,152.77,36.75,81.54,0.81,22.18,470.89,28.83,4,Potash,180.78,After sowing
Potato,Karnataka,Loamy,6.42,155.26,57.44,156.95,1.2,21.41,948.67,26.64,4,DAP,101.7,After sowing
Wheat,Karnataka,Clay,6.05,138.87,45.13,81.92,1.19,34.79,441.36,21.36,8,Potash,146.43,After sowing
Tomato,Tamil Nadu,Peaty,6.17,154.94,60.64,158.43,1.78,39.84,751.78,23.26,13,Compost,152.41,Mid growth
Cotton,Gujarat,Sandy,6.33,112.1,41.11,90.29,1.25,23.99,895.94,24.25,15,Urea,148.77,Mid growth
Millet,Gujarat,Loamy,6.56,141.68,39.44,99.03,1.38,23.33,454.8,21.21,15,Potash,181.03,After sowing
Wheat,Tamil Nadu,Loamy,6.2,153.5,32.4,105.38,1.17,31.56,620.18,28.84,19,Potash,153.67,After sowing
Potato,Gujarat,Silty,6.34,160.02,52.38,129.01,1.23,37.07,638.99,23.73,11,DAP,151.46,Mid growth
Tomato,Tamil Nadu,Sandy,7.06,176.27,52.23,145.27,1.34,29.07,684.69,26.83,8,Mixed,197.77,Pre-harvest
Cotton,Tamil Nadu,Silty,6.35,125.45,46.9,117.9,1.44,38.4,655.98,31.98,10,Urea,121.58,Before sowing
Potato,Tamil Nadu,Sandy,7.11,151.67,61.67,140.01,1.45,27.73,601.84,24.18,6,DAP,154.8,Before sowing
Tomato,Maharashtra,Sandy,6.76,182.38,63.01,110.63,1.59,27.48,955.79,20.64,18,Compost,136.03,Before sowing
Millet,Maharashtra,Clay,6.37,111.97,41.22,115.01,1.45,20.98,783.78,23.42,11,Urea,186.45,Before sowing
Maize,Gujarat,Silty,5.97,115.66,25.47,110.77,1.5,21.37,573.9,21.7,13,Urea,97.76,After sowing
Groundnut,Andhra Pradesh,Sandy,7.33,158.47,51.3,114.65,1.5,35.54,552.48,31.43,20,Compost,163.23,After sowing
Sugarcane,Maharashtra,Peaty,5.96,158.88,43.5,130.93,1.15,39.4,1313.58,27.1,17,Potash,149.98,Mid growth
Soybean,Tamil Nadu,Peaty,5.88,124.81,30.81,141.0,1.49,28.45,780.46,26.55,11,DAP,148.39,After sowing
Potato,Gujarat,Peaty,7.24,147.29,42.73,124.73,1.27,34.82,789.15,28.0,11,DAP,181.23,Pre-harvest
Millet,Gujarat,Clay,6.16,138.49,44.0,136.31,0.8,29.01,697.69,25.36,8,DAP,148.36,Mid growth
Potato,Tamil Nadu,Clay,6.35,143.27,59.5,154.41,1.38,29.44,605.3,18.84,16,Potash,174.42,After sowing
Rice,Gujarat,Loamy,6.61,179.99,44.92,158.78,1.57,22.51,1034.68,26.2,20,Compost,164.3,Before sowing
Rice,Tamil Nadu,Clay,5.86,171.1,51.3,145.24,1.57,29.72,1394.87,27.86,6,Compost,90.43,Pre-harvest
Tomato,Tamil Nadu,Sandy,7.43,130.24,62.02,150.12,1.29,36.6,605.31,21.11,12,Mixed,83.21,Mid growth
Millet,Karnataka,Silty,6.47,149.27,39.83,104.45,0.96,30.87,495.89,22.3,13,Compost,98.75,Before sowing
Sugarcane,Andhra Pradesh,Silty,7.11,153.02,34.1,155.07,1.62,34.04,936.78,31.23,20,Compost,143.58,Mid growth
Maize,Maharashtra,Loamy,6.73,143.81,40.98,134.72,1.33,34.72,464.21,28.49,8,Compost,96.04,Mid growth
Maize,Karnataka,Silty,7.27,150.62,49.43,97.04,0.9,25.28,558.27,28.31,4,Potash,132.3,Mid growth
Cotton,Maharashtra,Peaty,7.47,155.45,40.97,109.6,1.37,26.16,795.09,24.4,14,Potash,156.93,Pre-harvest
Maize,Karnataka,Sandy,6.76,134.27,28.23,132.5,1.25,26.8,472.76,29.28,11,DAP,105.46,Before sowing
Sugarcane,Andhra Pradesh,Sandy,7.15,164.79,57.9,143.84,1.24,28.11,863.23,26.39,9,Urea,97.76,Mid growth
Cotton,Karnataka,Peaty,6.82,123.2,46.9,113.51,1.24,24.78,536.8,32.28,10,Urea,125.58,Before sowing
Potato,Maharashtra,Peaty,6.26,168.18,54.75,113.51,1.3,29.62,956.61,19.05,13,Urea,140.58,Before sowing
Millet,Gujarat,Silty,6.97,122.98,41.18,92.51,1.09,31.37,753.84,28.24,14,Potash,163.83,Mid growth
Rice,Tamil Nadu,Silty,6.69,145.34,59.86,104.57,1.56,29.86,1394.85,29.17,17,Compost,112.48,Pre-harvest
Soybean,Karnataka,Loamy,7.25,132.55,41.69,130.82,1.42,37.14,714.03,26.09,7,Mixed,179.15,After sowing
Sugarcane,Maharashtra,Clay,5.81,138.38,34.34,103.63,1.24,20.43,1204.47,30.05,4,DAP,181.38,Pre-harvest
Potato,Tamil Nadu,Sandy,6.01,131.8,47.9,138.38,1.54,36.58,712.27,19.7,19,Compost,90.47,After sowing
Sugarcane,Tamil Nadu,Loamy,6.21,164.98,38.98,130.65,1.18,26.55,1303.93,31.22,19,Potash,106.17,Mid growth
Tomato,Gujarat,Sandy,7.25,155.95,46.07,111.58,1.66,30.03,848.37,23.11,7,Compost,192.78,Before sowing
Tomato,Tamil Nadu,Clay,6.48,131.33,55.28,132.78,1.73,27.23,665.12,22.63,10,Compost,90.44,Mid growth
Cotton,Karnataka,Peaty,6.81,148.1,52.72,122.52,1.42,20.84,535.73,31.64,4,Potash,183.49,Mid growth
Rice,Gujarat,Loamy,6.97,149.48,57.69,107.42,1.77,32.15,1028.78,27.91,8,Compost,136.13,Before sowing
Soybean,Maharashtra,Loamy,6.87,159.23,33.33,128.27,1.08,25.97,534.83,24.41,20,Potash,136.5,Mid growth
Rice,Karnataka,Sandy,6.78,178.79,35.42,135.95,1.76,23.35,1255.42,30.4,4,Compost,122.65,Pre-harvest
Soybean,Andhra Pradesh,Clay,6.18,158.63,54.42,123.02,1.49,29.34,685.3,30.67,9,Urea,159.59,Before sowing
Groundnut,Karnataka,Clay,5.88,123.33,53.06,95.95,1.43,36.98,516.77,31.51,10,Potash,144.05,Mid growth
Millet,Maharashtra,Silty,6.99,118.85,27.59,85.34,0.81,38.42,531.27,28.71,18,Urea,100.13,Mid growth
Tomato,Karnataka,Peaty,6.43,149.7,55.49,129.24,1.47,21.8,659.5,24.67,17,Potash,150.8,Before sowing
Groundnut,Andhra Pradesh,Peaty,6.06,159.78,52.84,96.97,1.45,27.75,815.41,24.27,15,Potash,175.29,Pre-harvest
Wheat,Andhra Pradesh,Clay,5.95,138.22,26.6,131.87,1.18,22.31,720.62,23.68,19,DAP,118.65,Pre-harvest
Wheat,Tamil Nadu,Loamy,7.17,127.44,27.46,94.14,1.18,34.5,638.41,28.54,8,DAP,111.06,Mid growth
Rice,Maharashtra,Loamy,7.46,171.72,37.19,129.28,1.41,38.37,894.81,25.89,18,DAP,168.34,Mid growth
Rice,Tamil Nadu,Clay,6.66,164.56,34.21,144.81,1.06,27.84,1266.27,29.11,10,Urea,133.2,Pre-harvest
Groundnut,Karnataka,Peaty,6.52,168.07,46.2,142.03,1.18,32.12,591.96,31.01,18,Potash,197.73,After sowing
Sugarcane,Maharashtra,Sandy,6.09,159.42,33.44,149.42,1.09,22.58,997.68,31.46,19,DAP,194.1,Pre-harvest
Soybean,Tamil Nadu,Sandy,6.7,126.37,45.81,143.77,1.4,35.11,539.05,24.17,13,Mixed,93.68,Pre-harvest
Wheat,Gujarat,Clay,6.05,159.6,30.67,107.18,1.32,33.91,775.49,23.92,20,Compost,138.59,Pre-harvest
Wheat,Maharashtra,Silty,7.28,114.75,36.62,137.18,0.85,23.52,408.82,20.26,13,Urea,115.3,After sowing
Sugarcane,Tamil Nadu,Silty,6.07,171.73,45.42,148.41,1.03,32.0,1224.74,31.0,5,Mixed,175.58,Mid growth
Rice,Karnataka,Sandy,7.25,128.7,56.38,112.49,1.11,22.58,1261.48,26.7,12,Compost,149.14,After sowing
Millet,Karnataka,Peaty,6.4,100.65,45.04,137.79,1.2,26.54,629.34,21.85,13,Urea,179.67,Before sowing
Potato,Andhra Pradesh,Sandy,6.71,182.0,56.5,138.84,1.37,24.15,878.24,21.02,17,Mixed,164.95,Mid growth
Cotton,Gujarat,Silty,7.22,151.32,37.92,136.69,1.52,29.04,603.7,26.73,18,Compost,133.02,Mid growth
Groundnut,Gujarat,Sandy,7.02,166.06,44.58,114.75,1.04,26.92,628.69,28.42,11,Compost,167.63,Mid growth
Tomato,Tamil Nadu,Sandy,6.1,157.24,59.13,123.32,1.5,32.39,762.23,19.86,6,Potash,171.05,Mid growth
Soybean,Tamil Nadu,Silty,5.94,144.39,46.85,104.93,1.35,39.19,721.12,28.35,4,Urea,122.81,Mid growth
Soybean,Tamil Nadu,Silty,6.37,122.21,48.23,112.45,1.03,35.29,833.38,32.12,15,DAP,104.7,Mid growth
Potato,Maharashtra,Sandy,5.92,141.98,64.34,112.69,1.53,21.06,812.02,23.67,15,Compost,174.55,After sowing
Maize,Tamil Nadu,Silty,6.3,102.53,45.89,89.03,1.06,22.65,659.79,26.95,20,Urea,177.41,Pre-harvest
Millet,Gujarat,Sandy,6.31,101.65,35.62,86.3,1.47,33.56,423.67,26.18,20,Urea,158.52,Before sowing
Wheat,Tamil Nadu,Silty,6.94,111.79,30.86,127.04,0.84,20.97,478.08,27.1,18,Urea,197.26,Before sowing
Groundnut,Tamil Nadu,Peaty,6.42,117.06,41.12,116.33,1.44,36.94,804.38,28.67,19,Urea,155.86,Pre-harvest
Wheat,Andhra Pradesh,Peaty,6.21,111.54,32.73,97.03,0.99,21.88,714.22,21.47,5,Urea,126.31,Mid growth
Wheat,Andhra Pradesh,Sandy,7.49,126.39,45.92,122.58,1.15,39.27,743.16,21.49,11,Mixed,185.27,After sowing
Sugarcane,Gujarat,Clay,7.35,134.88,42.41,150.79,1.34,26.6,1277.09,34.02,15,DAP,196.32,Mid growth
Millet,Andhra Pradesh,Sandy,5.88,144.46,45.14,111.02,0.81,30.95,791.09,23.29,7,DAP,117.17,After sowing
Maize,Maharashtra,Peaty,6.69,127.72,39.52,132.33,1.47,24.24,452.2,21.72,10,Mixed,199.92,Before sowing
Cotton,Gujarat,Clay,6.43,163.27,34.52,115.77,1.28,28.57,678.83,29.21,19,Compost,127.17,After sowing
Tomato,Karnataka,Silty,6.6,174.54,54.28,141.73,1.56,32.2,989.97,27.87,7,Compost,127.31,Pre-harvest
Potato,Tamil Nadu,Loamy,6.27,162.46,56.27,132.17,1.22,31.63,826.52,19.2,17,DAP,186.78,Before sowing
Groundnut,Karnataka,Silty,6.16,153.22,39.05,101.6,1.53,28.32,663.14,24.81,5,Compost,196.37,Pre-harvest
Groundnut,Andhra Pradesh,Silty,5.82,124.84,41.99,99.42,1.18,38.68,683.92,32.43,20,Potash,83.29,Pre-harvest
Cotton,Andhra Pradesh,Loamy,6.19,143.34,54.09,116.95,1.02,26.16,664.67,28.4,7,Mixed,149.73,After sowing
Millet,Gujarat,Loamy,6.22,134.8,32.02,89.06,1.02,20.43,425.52,22.03,7,Potash,115.68,Pre-harvest
Rice,Andhra Pradesh,Loamy,7.4,140.39,49.37,156.16,1.34,22.97,866.69,31.78,6,Compost,125.06,Before sowing
Sugarcane,Karnataka,Peaty,6.26,126.24,46.43,132.87,1.2,34.15,1057.23,31.2,8,Urea,148.37,Before sowing
Maize,Tamil Nadu,Silty,7.0,140.46,43.11,127.31,1.48,26.03,778.62,23.26,19,Compost,153.93,Pre-harvest
Maize,Tamil Nadu,Silty,6.28,138.62,46.5,98.25,1.3,34.57,793.83,27.34,19,Potash,84.41,Pre-harvest
Tomato,Andhra Pradesh,Sandy,5.94,130.88,41.9,126.23,1.48,35.41,638.62,21.65,19,Urea,179.92,Pre-harvest
Potato,Andhra Pradesh,Clay,7.37,183.81,42.46,145.31,1.41,32.46,911.23,24.43,11,Potash,129.26,Mid growth
Sugarcane,Gujarat,Peaty,7.32,170.2,54.73,120.0,1.38,33.28,1038.05,31.19,10,Potash,127.34,Mid growth
Rice,Andhra Pradesh,Loamy,6.75,128.82,38.11,107.78,1.53,29.22,993.65,25.96,9,Compost,124.62,After sowing
Maize,Andhra Pradesh,Sandy,7.46,157.96,35.38,111.34,1.42,29.89,610.48,29.19,6,Urea,165.96,Pre-harvest
Millet,Maharashtra,Peaty,6.3,130.58,36.64,91.47,1.22,20.5,422.01,21.36,16,Potash,174.98,Mid growth
Cotton,Tamil Nadu,Silty,7.28,127.48,35.31,129.96,1.06,20.81,875.55,31.39,16,Compost,147.0,Before sowing
Tomato,Tamil Nadu,Sandy,7.36,139.43,54.36,136.28,1.5,25.55,767.75,25.14,9,Compost,98.46,Pre-harvest
Potato,Tamil Nadu,Sandy,7.27,163.8,50.34,156.65,1.79,37.64,696.28,18.81,20,Compost,195.78,Mid growth
Soybean,Gujarat,Sandy,6.07,130.9,51.53,111.81,1.42,21.24,579.84,32.23,11,DAP,112.21,Mid growth
Rice,Andhra Pradesh,Silty,7.36,170.6,32.63,118.76,1.66,37.41,1314.67,29.95,6,Compost,82.51,Pre-harvest
Millet,Tamil Nadu,Silty,6.39,106.27,29.02,86.38,1.26,26.09,451.35,24.13,9,Urea,136.1,After sowing
Rice,Maharashtra,Loamy,7.07,174.12,43.61,123.75,1.68,29.4,1315.12,27.52,5,Compost,164.11,After sowing
Potato,Andhra Pradesh,Clay,6.88,178.52,43.18,155.14,1.75,27.14,643.44,20.36,14,Compost,136.14,After sowing
Tomato,Tamil Nadu,Sandy,6.96,178.15,52.31,110.66,1.64,35.6,643.78,20.84,13,Compost,83.58,Mid growth
Soybean,Maharashtra,Sandy,6.95,127.71,53.4,135.88,1.07,21.44,648.62,25.82,4,Compost,164.79,Before sowing
Potato,Tamil Nadu,Peaty,6.56,150.32,49.52,121.24,1.4,31.94,970.89,23.07,18,Mixed,159.41,After sowing
Soybean,Andhra Pradesh,Peaty,6.0,121.0,53.58,125.26,1.38,33.2,778.22,25.82,6,Mixed,124.81,Pre-harvest
Sugarcane,Maharashtra,Sandy,6.23,176.25,41.25,113.69,1.08,23.65,986.59,31.34,4,Mixed,193.39,After sowing
Groundnut,Tamil Nadu,Sandy,7.43,159.65,47.55,125.51,1.29,36.39,514.67,29.66,7,Potash,123.37,After sowing
Potato,Maharashtra,Peaty,6.33,179.78,46.14,116.07,1.36,21.44,607.72,21.92,7,DAP,183.51,Pre-harvest
Maize,Maharashtra,Peaty,7.18,112.92,35.88,124.34,0.93,37.71,537.97,22.61,19,Urea,179.21,After sowing
Cotton,Gujarat,Peaty,6.74,149.49,42.45,93.01,1.23,37.99,828.48,24.75,15,Potash,183.39,Before sowing
Cotton,Maharashtra,Clay,6.25,119.94,46.86,115.83,1.21,36.3,675.58,24.35,4,Urea,176.21,Pre-harvest
Wheat,Maharashtra,Loamy,5.98,131.27,29.36,113.2,1.48,34.81,467.02,23.02,19,DAP,158.8,Pre-harvest
Groundnut,Tamil Nadu,Silty,7.18,124.77,30.09,95.66,1.29,33.18,708.15,31.76,16,Potash,152.99,Mid growth
Soybean,Gujarat,Sandy,6.39,132.79,41.23,111.28,1.1,22.71,643.44,24.61,9,Urea,154.58,Mid growth
Sugarcane,Andhra Pradesh,Silty,6.23,131.26,52.44,119.62,1.53,39.06,1300.57,30.69,8,Compost,198.55,Pre-harvest
Groundnut,Gujarat,Sandy,7.32,149.72,45.1,143.37,1.24,23.05,569.72,24.36,8,Potash,85.77,Mid growth
Wheat,Gujarat,Loamy,6.27,139.76,25.49,85.85,1.02,34.36,573.29,22.03,17,DAP,96.41,Before sowing
Soybean,Karnataka,Loamy,6.06,136.52,40.6,139.22,1.4,34.96,511.58,24.58,20,Urea,156.93,Before sowing
Soybean,Andhra Pradesh,Peaty,5.89,164.44,38.93,97.96,1.2,34.65,606.36,27.0,13,Potash,151.15,Mid growth
Groundnut,Karnataka,Clay,7.17,155.12,47.57,116.25,1.22,33.86,783.51,26.06,11,Urea,85.1,After sowing
Groundnut,Karnataka,Clay,7.14,124.13,34.14,116.98,1.23,25.41,635.41,24.77,14,Mixed,132.83,Before sowing
Tomato,Maharashtra,Clay,6.07,187.02,40.55,143.71,1.3,30.38,760.68,22.75,13,DAP,193.79,Pre-harvest
Groundnut,Andhra Pradesh,Peaty,5.97,162.4,49.41,115.68,1.0,28.91,824.83,27.23,15,Potash,188.71,Before sowing
Maize,Andhra Pradesh,Clay,6.65,129.71,35.35,110.42,1.12,22.83,558.96,21.17,14,Potash,197.68,Before sowing
Potato,Gujarat,Sandy,7.34,186.46,57.15,158.79,1.6,32.98,963.72,26.42,7,Compost,180.85,Mid growth
Potato,Tamil Nadu,Clay,7.42,135.79,42.56,148.07,1.27,33.24,639.47,23.93,15,Mixed,151.15,Before sowing
Rice,Maharashtra,Sandy,5.87,146.48,52.91,120.14,1.39,36.1,1179.5,25.75,19,Potash,169.55,Mid growth
Sugarcane,Karnataka,Sandy,5.95,170.2,40.93,158.33,1.11,31.12,1148.42,25.44,18,Potash,189.36,After sowing
Soybean,Andhra Pradesh,Loamy,7.1,143.3,33.55,101.39,1.42,32.89,519.55,30.4,7,Compost,157.99,After sowing
Sugarcane,Tamil Nadu,Peaty,6.84,158.96,39.22,126.17,1.32,36.56,885.72,29.19,17,Mixed,80.29,Mid growth
Tomato,Karnataka,Sandy,7.25,173.81,60.58,146.39,1.62,36.27,636.89,25.58,17,Compost,95.02,After sowing
Soybean,Gujarat,Peaty,6.56,127.82,43.72,125.89,1.25,35.79,763.79,28.63,10,Potash,100.73,Before sowing
Tomato,Tamil Nadu,Loamy,7.11,163.88,64.04,147.01,1.5,36.23,739.04,26.35,4,Compost,147.63,Mid growth
Tomato,Tamil Nadu,Sandy,6.34,139.13,38.51,147.48,1.44,34.45,802.74,27.91,16,Compost,188.15,Mid growth
Rice,Andhra Pradesh,Silty,6.67,135.96,51.45,131.02,1.51,35.7,996.44,29.02,20,Compost,99.69,Before sowing
Tomato,Karnataka,Sandy,6.13,182.56,50.8,115.19,1.38,37.02,755.16,18.37,7,DAP,174.89,After sowing
Soybean,Andhra Pradesh,Sandy,6.99,129.29,39.2,114.95,1.41,26.16,779.22,26.18,18,Urea,146.5,Before sowing
Sugarcane,Tamil Nadu,Peaty,6.09,175.93,57.96,133.34,1.4,29.01,863.7,31.98,14,Mixed,187.4,After sowing
Sugarcane,Maharashtra,Clay,7.06,120.73,40.69,117.92,1.2,33.89,1162.27,31.19,14,DAP,117.39,Mid growth
Groundnut,Karnataka,Loamy,6.1,123.59,43.68,122.72,1.45,31.09,652.45,28.64,6,Mixed,122.56,Mid growth
Maize,Maharashtra,Loamy,7.14,110.68,46.13,122.98,0.97,28.15,499.32,20.57,7,Urea,154.42,Before sowing
Rice,Andhra Pradesh,Silty,7.24,156.28,32.2,130.44,1.56,23.3,1341.81,26.87,5,Compost,199.28,Before sowing
Maize,Maharashtra,Peaty,6.36,145.17,46.98,111.97,1.27,27.93,565.07,29.31,14,Compost,103.57,Mid growth
Potato,Andhra Pradesh,Sandy,6.29,157.92,38.71,128.16,1.77,38.12,747.66,24.43,12,Compost,167.12,Pre-harvest
Wheat,Andhra Pradesh,Loamy,6.07,149.05,25.43,124.58,0.87,29.77,717.92,28.26,11,DAP,108.97,Mid growth
Soybean,Tamil Nadu,Sandy,6.91,139.63,45.57,104.47,1.46,24.99,543.36,31.88,12,DAP,165.59,After sowing
Sugarcane,Tamil Nadu,Loamy,7.43,135.15,55.55,149.62,1.63,37.03,1325.48,26.88,13,Compost,130.24,Mid growth
Potato,Maharashtra,Loamy,6.43,132.99,53.25,139.01,1.65,34.09,753.36,18.83,15,Compost,82.07,Before sowing
Tomato,Gujarat,Silty,7.17,185.72,62.1,150.81,1.68,26.73,947.93,20.93,14,Compost,173.52,Pre-harvest
Maize,Gujarat,Loamy,6.36,110.87,37.56,115.99,1.46,27.28,695.27,22.23,6,Urea,143.59,Mid growth
Groundnut,Karnataka,Peaty,6.43,126.26,45.54,142.88,1.22,20.79,742.43,30.63,11,Compost,130.86,After sowing
Maize,Maharashtra,Silty,6.81,106.13,37.37,105.5,1.31,23.07,761.22,23.91,16,Urea,96.6,Pre-harvest
Cotton,Gujarat,Peaty,6.03,118.6,53.26,92.46,1.06,36.65,646.67,28.03,17,Urea,196.08,Pre-harvest
Sugarcane,Karnataka,Sandy,7.4,135.22,39.8,126.9,1.67,37.55,946.46,31.92,13,Compost,135.73,Before sowing
Sugarcane,Karnataka,Clay,7.13,143.84,46.59,132.51,1.07,33.3,1215.54,31.39,16,Potash,104.35,Pre-harvest
Millet,Tamil Nadu,Silty,7.15,146.2,43.09,135.02,1.39,23.2,540.21,27.45,8,Potash,83.61,Before sowing
Groundnut,Andhra Pradesh,Silty,6.83,121.9,44.61,144.05,1.5,28.82,607.44,31.37,11,Compost,117.11,Before sowing
Soybean,Maharashtra,Loamy,7.46,128.07,32.18,137.43,1.45,32.68,719.05,28.48,10,Mixed,154.39,After sowing
Soybean,Karnataka,Sandy,6.99,164.66,32.22,96.54,1.03,30.95,501.43,32.57,7,Potash,111.56,Pre-harvest
Soybean,Andhra Pradesh,Clay,6.82,144.74,51.95,109.38,1.49,37.04,841.92,29.48,8,Potash,120.4,Mid growth
Maize,Andhra Pradesh,Silty,6.88,118.48,32.15,126.65,0.96,36.15,619.51,20.82,12,Urea,118.72,Pre-harvest
Sugarcane,Maharashtra,Loamy,6.7,150.58,55.78,110.28,1.42,22.29,1266.65,33.05,5,Potash,131.56,Before sowing
Wheat,Andhra Pradesh,Silty,6.53,144.45,38.72,105.33,0.89,21.19,776.54,20.61,8,DAP,184.66,Pre-harvest
Cotton,Gujarat,Sandy,7.26,121.82,50.91,103.43,1.57,26.22,522.42,28.39,13,Compost,179.53,Pre-harvest
Groundnut,Andhra Pradesh,Peaty,6.16,126.07,49.91,107.55,1.45,39.58,578.6,28.62,16,DAP,98.19,Pre-harvest
Tomato,Maharashtra,Silty,6.25,154.08,54.45,159.43,1.58,39.47,665.8,21.59,13,Compost,165.38,Pre-harvest
Millet,Tamil Nadu,Sandy,7.22,116.69,36.52,111.57,1.11,31.32,671.82,23.78,20,Urea,113.4,Before sowing
Soybean,Gujarat,Clay,5.91,168.18,36.2,115.38,1.49,37.39,773.09,30.46,17,Mixed,137.88,After sowing
Tomato,Gujarat,Loamy,7.06,150.82,52.52,145.66,1.59,29.52,728.04,25.33,5,Compost,112.4,Before sowing
Soybean,Tamil Nadu,Sandy,7.42,135.39,41.9,118.32,1.45,24.14,864.08,31.34,12,Mixed,177.72,Mid growth
Wheat,Maharashtra,Peaty,6.22,152.4,28.81,133.37,0.9,25.64,645.98,21.19,17,DAP,126.29,Pre-harvest
Maize,Karnataka,Loamy,7.4,146.12,32.65,109.02,0.91,25.57,700.87,24.41,10,Potash,175.96,After sowing
Potato,Maharashtra,Peaty,6.14,132.77,43.05,149.82,1.48,21.09,949.39,24.21,8,Mixed,137.31,Mid growth
Tomato,Karnataka,Loamy,6.37,179.49,43.83,139.63,1.36,20.64,977.68,25.33,20,Compost,182.6,Pre-harvest
Groundnut,Andhra Pradesh,Silty,7.09,124.59,43.23,99.56,1.21,21.09,865.5,26.8,17,Potash,142.71,After sowing
Soybean,Andhra Pradesh,Peaty,6.04,159.57,51.19,95.91,1.01,38.53,595.94,30.99,13,Potash,99.55,Pre-harvest
Rice,Karnataka,Peaty,6.08,136.68,44.8,130.58,1.66,23.55,897.35,27.91,9,Compost,120.03,Before sowing
Tomato,Gujarat,Sandy,7.14,137.35,62.65,122.13,1.65,36.77,790.47,18.07,14,Compost,111.18,Before sowing
Groundnut,Tamil Nadu,Sandy,6.58,131.5,54.06,94.64,1.59,24.45,531.11,27.38,5,Potash,143.61,Pre-harvest
Millet,Karnataka,Clay,5.88,150.05,30.94,94.2,1.08,27.51,726.31,27.73,18,Potash,101.22,After sowing
Tomato,Maharashtra,Silty,6.93,189.88,49.39,114.58,1.68,35.69,630.39,25.64,10,Compost,97.33,Pre-harvest
Sugarcane,Maharashtra,Silty,6.73,139.23,31.64,140.73,1.42,35.07,1163.09,32.35,11,Mixed,198.4,Before sowing
Cotton,Karnataka,Loamy,7.41,135.37,52.05,125.9,1.49,36.26,518.85,29.3,5,Mixed,80.96,Mid growth
Potato,Andhra Pradesh,Peaty,6.2,164.28,52.47,120.12,1.78,26.92,683.79,25.21,16,Compost,157.27,Before sowing
Rice,Gujarat,Silty,7.45,147.23,39.21,117.3,1.23,26.35,967.95,27.59,15,Urea,135.36,Mid growth
Soybean,Maharashtra,Loamy,6.4,111.46,40.9,111.37,1.23,30.7,540.82,26.74,8,Urea,125.54,After sowing
Groundnut,Karnataka,Clay,6.75,153.55,52.69,103.8,1.21,29.01,765.24,24.73,12,Mixed,89.99,After sowing
Groundnut,Gujarat,Peaty,6.1,169.68,30.31,118.21,1.24,37.19,534.64,30.45,16,Mixed,133.05,After sowing
Groundnut,Gujarat,Loamy,7.41,148.11,46.28,116.13,1.03,24.23,679.13,26.79,9,Urea,134.55,Pre-harvest
Rice,Maharashtra,Sandy,6.94,123.66,42.2,105.41,1.28,34.74,1225.44,29.16,7,Urea,106.91,After sowing
Soybean,Maharashtra,Loamy,6.53,120.08,46.74,147.46,1.34,20.03,660.2,27.65,18,Urea,103.98,Before sowing
Maize,Gujarat,Peaty,6.24,111.49,31.87,103.49,1.4,28.03,723.4,23.05,8,Urea,158.92,Mid growth
Rice,Karnataka,Sandy,6.29,145.1,39.6,132.15,1.53,28.5,1052.9,27.02,5,Compost,166.16,Pre-harvest
Cotton,Gujarat,Loamy,6.21,143.84,45.25,117.42,1.35,36.77,506.29,32.49,18,Potash,182.19,Before sowing
Soybean,Gujarat,Peaty,7.19,163.23,52.67,138.54,1.52,31.04,510.21,30.9,13,Compost,173.59,Before sowing
Potato,Andhra Pradesh,Sandy,5.81,158.77,56.77,110.99,1.67,37.12,668.17,27.72,15,Compost,99.68,Pre-harvest
Cotton,Gujarat,Peaty,5.88,166.37,50.37,128.27,1.53,21.18,582.94,27.53,16,Compost,193.26,Pre-harvest
Potato,Maharashtra,Loamy,6.9,142.64,50.79,149.92,1.7,36.52,660.12,22.6,7,Compost,169.25,Mid growth
Groundnut,Tamil Nadu,Peaty,7.3,158.14,34.21,113.03,1.36,22.64,737.62,27.21,12,Potash,195.63,Pre-harvest
Soybean,Karnataka,Silty,6.84,169.77,31.63,137.65,1.04,39.05,757.01,24.75,19,Compost,140.79,Pre-harvest
Tomato,Karnataka,Silty,6.93,189.94,60.03,143.43,1.42,32.84,654.2,18.91,12,Mixed,95.53,Mid growth
Millet,Maharashtra,Clay,6.37,107.79,32.59,107.79,0.98,28.25,492.99,29.24,9,Urea,130.06,After sowing
Groundnut,Maharashtra,Clay,6.37,150.18,44.31,98.57,1.56,25.96,687.26,28.1,6,Potash,120.03,Mid growth
Potato,Tamil Nadu,Silty,6.29,188.91,59.17,143.7,1.77,23.45,708.65,25.03,12,Compost,171.65,Before sowing
Sugarcane,Karnataka,Sandy,7.1,142.77,54.3,135.01,1.34,34.47,1497.88,34.96,20,DAP,104.1,After sowing
Tomato,Karnataka,Sandy,5.88,189.55,63.54,113.44,1.2,37.93,838.15,23.02,20,Potash,172.57,Pre-harvest
Sugarcane,Karnataka,Sandy,6.73,140.16,51.77,101.25,1.73,36.68,963.01,33.48,9,Compost,173.01,After sowing
Cotton,Andhra Pradesh,Silty,5.93,119.42,41.01,129.15,1.16,32.12,527.5,28.93,15,Urea,157.71,After sowing
Groundnut,Karnataka,Sandy,6.2,161.33,46.71,94.45,1.12,24.59,749.5,26.19,7,Potash,179.86,Pre-harvest
Millet,Karnataka,Sandy,6.38,110.65,47.81,110.33,1.32,31.07,699.64,20.76,9,Urea,83.5,Mid growth
Wheat,Karnataka,Clay,5.92,106.79,41.88,83.89,1.42,27.45,620.93,22.98,11,Urea,161.03,Mid growth
Soybean,Maharashtra,Loamy,7.16,145.11,36.79,90.46,1.46,30.72,627.25,32.75,9,Potash,151.03,Before sowing
Wheat,Karnataka,Clay,7.45,100.57,43.49,136.55,1.33,32.31,428.3,21.79,4,Urea,157.53,Before sowing
Rice,Gujarat,Loamy,5.9,136.18,40.51,128.07,1.78,30.9,1218.48,25.51,20,Compost,156.69,Mid growth
Maize,Gujarat,Clay,6.89,157.52,45.58,128.9,1.18,32.61,609.22,24.23,20,Compost,167.38,Pre-harvest
Millet,Maharashtra,Clay,7.27,151.09,31.9,115.74,1.1,27.36,667.55,22.61,16,Compost,133.75,After sowing
Tomato,Tamil Nadu,Clay,6.54,152.9,50.97,139.38,1.46,30.92,856.53,18.98,17,Urea,173.05,Before sowing
Cotton,Karnataka,Clay,7.34,151.43,36.08,94.38,1.09,36.66,808.06,29.85,17,Potash,191.18,Pre-harvest
Wheat,Tamil Nadu,Sandy,6.12,135.09,31.77,119.65,0.81,35.58,634.9,26.86,18,DAP,137.93,Before sowing
Tomato,Tamil Nadu,Loamy,7.26,171.43,60.91,139.7,1.52,33.52,712.25,27.1,14,Compost,195.32,Pre-harvest
Rice,Gujarat,Peaty,7.48,156.87,30.12,146.07,1.7,35.76,908.07,27.03,13,Compost,192.73,Mid growth
Tomato,Maharashtra,Peaty,6.31,177.62,39.2,125.52,1.33,33.05,943.06,23.93,20,Potash,154.57,Before sowing
Cotton,Maharashtra,Sandy,7.19,133.33,47.71,133.56,1.2,21.49,562.27,25.15,19,Urea,198.15,Pre-harvest
Soybean,Gujarat,Sandy,5.84,135.15,30.35,137.37,1.58,35.52,822.1,24.92,17,Compost,105.75,Mid growth
Potato,Gujarat,Loamy,6.12,156.59,60.29,136.5,1.76,28.12,880.46,22.13,18,Compost,178.26,Pre-harvest
Cotton,Karnataka,Peaty,5.84,121.61,44.53,142.16,1.01,24.71,628.6,26.29,14,Urea,98.06,Mid growth
Soybean,Karnataka,Clay,6.29,141.7,52.16,92.35,1.49,28.21,803.94,30.9,20,Potash,128.26,After sowing
Maize,Maharashtra,Silty,6.57,128.36,34.71,101.88,1.16,33.02,789.45,28.26,10,Potash,161.9,Mid growth
Rice,Andhra Pradesh,Peaty,6.72,163.26,52.02,154.66,1.06,34.64,844.03,27.06,10,Compost,184.92,Mid growth
Millet,Karnataka,Clay,7.44,134.9,49.15,88.48,1.33,32.13,771.28,27.76,13,Potash,95.68,Pre-harvest
Maize,Maharashtra,Clay,7.38,129.25,41.14,135.24,1.17,39.71,610.42,26.07,15,Mixed,122.2,Mid growth
Millet,Tamil Nadu,Loamy,6.07,120.41,37.93,83.69,0.99,23.28,432.7,23.54,7,Potash,126.13,After sowing
Rice,Gujarat,Peaty,7.12,128.54,49.7,145.5,1.15,27.86,955.57,33.64,12,Urea,101.94,Mid growth
Wheat,Maharashtra,Peaty,7.05,150.68,36.01,89.86,1.5,30.1,503.53,26.06,4,Potash,145.32,Pre-harvest
Soybean,Andhra Pradesh,Sandy,6.65,122.28,43.43,122.15,1.2,29.93,651.47,27.78,7,Mixed,163.9,Before sowing
Millet,Andhra Pradesh,Silty,6.04,112.96,32.01,109.03,1.21,23.01,607.04,20.55,14,Urea,155.45,After sowing
Groundnut,Gujarat,Sandy,5.89,126.2,47.08,115.14,1.08,27.92,866.48,27.97,10,Mixed,103.98,Pre-harvest
Tomato,Karnataka,Sandy,6.48,152.27,53.07,131.8,1.46,23.54,759.86,23.42,13,Mixed,165.64,After sowing
Cotton,Gujarat,Peaty,7.13,143.1,45.58,129.71,1.48,23.33,577.99,25.05,16,Urea,132.14,Mid growth
Rice,Tamil Nadu,Peaty,6.66,177.4,43.9,152.41,1.22,29.27,801.72,26.13,7,Mixed,89.3,Mid growth
Sugarcane,Karnataka,Loamy,6.44,141.14,30.04,110.22,1.62,21.17,1088.74,31.41,16,Compost,155.06,After sowing
Rice,Maharashtra,Loamy,7.2,164.35,39.36,143.69,1.5,34.56,1299.78,31.53,6,Compost,111.55,After sowing
Rice,Karnataka,Clay,6.45,178.69,46.64,120.48,1.53,21.24,1101.25,26.32,6,Compost,197.49,Mid growth
Sugarcane,Karnataka,Sandy,6.82,140.91,30.64,154.21,1.64,33.96,920.86,32.13,14,Compost,88.06,After sowing
Millet,Karnataka,Peaty,6.88,144.23,37.38,116.55,1.21,25.28,578.78,25.98,10,Compost,96.94,Pre-harvest
Wheat,Gujarat,Sandy,6.4,134.27,45.73,115.27,1.48,33.09,672.62,20.59,14,DAP,134.39,Mid growth
Millet,Karnataka,Loamy,6.01,154.12,41.88,125.94,1.01,24.55,452.79,21.14,5,Potash,191.65,Before sowing
Millet,Gujarat,Silty,6.34,129.13,39.33,122.75,1.06,24.39,729.09,28.84,8,DAP,132.35,After sowing
Rice,Maharashtra,Loamy,5.93,120.63,44.67,125.13,1.03,34.3,1220.56,26.92,8,Potash,88.19,Pre-harvest
Wheat,Gujarat,Silty,6.36,120.69,46.81,124.05,0.89,21.03,639.09,22.31,7,Compost,170.52,After sowing
Cotton,Karnataka,Peaty,6.97,137.08,39.38,147.76,1.11,21.76,810.28,31.14,20,Potash,180.21,Mid growth
Wheat,Karnataka,Peaty,5.84,132.16,46.35,107.16,0.99,36.24,506.79,29.72,12,Compost,141.16,Before sowing
Potato,Gujarat,Silty,6.45,162.14,52.29,137.69,1.24,33.68,851.5,18.29,14,DAP,198.1,After sowing
Tomato,Karnataka,Peaty,6.0,176.38,45.05,149.21,1.75,28.81,829.61,25.12,10,Compost,140.91,Before sowing
Maize,Karnataka,Peaty,5.86,135.33,49.06,114.43,1.27,36.36,587.46,27.71,19,Compost,143.87,Before sowing
Potato,Tamil Nadu,Silty,6.48,168.55,62.23,121.23,1.73,20.39,733.35,19.07,13,Compost,138.4,After sowing
Wheat,Karnataka,Peaty,7.18,127.26,45.78,110.86,1.28,31.72,569.84,20.04,13,DAP,103.3,Mid growth
Cotton,Gujarat,Clay,5.89,163.24,32.24,130.66,1.52,32.6,737.56,30.52,10,Compost,108.98,After sowing
Millet,Gujarat,Silty,7.29,105.95,42.44,101.12,1.24,27.17,402.58,26.26,6,Urea,128.31,After sowing
Wheat,Tamil Nadu,Clay,6.14,145.16,31.84,80.29,1.14,37.48,763.95,23.94,9,Potash,176.01,Pre-harvest
Cotton,Maharashtra,Sandy,6.06,136.7,51.4,125.7,1.08,39.66,636.28,28.81,5,Mixed,196.24,Mid growth
Groundnut,Tamil Nadu,Silty,6.17,169.6,34.04,120.82,1.58,30.93,646.99,27.71,13,Compost,197.34,Before sowing
Sugarcane,Maharashtra,Silty,7.47,160.89,38.86,132.91,1.1,28.5,937.91,25.98,9,Urea,163.82,After sowing
Maize,Karnataka,Sandy,5.83,150.3,41.04,101.39,1.31,24.67,772.14,26.44,17,Mixed,164.75,Pre-harvest
Maize,Gujarat,Loamy,7.0,138.22,48.11,85.44,0.94,39.85,696.08,26.51,9,Potash,171.12,Pre-harvest
Sugarcane,Karnataka,Clay,5.84,166.23,30.2,147.53,1.06,34.77,1003.17,25.56,18,DAP,128.72,After sowing
Groundnut,Karnataka,Peaty,6.26,137.36,46.92,132.3,1.52,34.92,563.64,32.38,7,Compost,108.9,Before sowing
Tomato,Karnataka,Silty,6.56,177.38,59.36,152.8,1.58,33.56,696.78,20.77,13,Compost,147.56,Mid growth
Tomato,Maharashtra,Loamy,6.52,159.24,36.19,148.42,1.24,30.24,647.24,22.03,12,Potash,125.07,After sowing
Tomato,Gujarat,Loamy,6.77,133.67,63.94,153.0,1.49,23.9,754.38,23.09,13,DAP,167.41,After sowing
Groundnut,Maharashtra,Silty,6.01,143.59,34.99,126.12,1.55,39.99,785.82,26.67,7,Compost,95.87,Before sowing
Cotton,Tamil Nadu,Clay,6.11,126.69,48.95,101.56,1.52,29.98,875.82,32.04,20,Compost,117.54,After sowing
Groundnut,Andhra Pradesh,Clay,6.09,129.59,35.82,93.9,1.54,38.21,612.83,24.71,4,Potash,167.86,After sowing
Maize,Tamil Nadu,Clay,6.34,103.59,25.1,99.23,1.16,29.4,623.86,26.64,18,Urea,160.1,Mid growth
Tomato,Karnataka,Peaty,6.76,134.07,51.06,119.75,1.3,25.08,969.82,24.59,19,DAP,192.55,After sowing
Groundnut,Maharashtra,Silty,7.26,120.21,30.98,124.99,1.51,33.9,690.58,27.45,9,Compost,90.68,Before sowing
Wheat,Tamil Nadu,Silty,5.99,128.72,34.59,116.81,0.89,36.45,662.74,23.4,18,Potash,138.6,After sowing
Sugarcane,Maharashtra,Loamy,6.86,132.58,58.5,117.15,1.31,36.63,1072.6,28.71,15,Mixed,187.59,Pre-harvest
Soybean,Gujarat,Clay,6.21,126.83,43.47,144.88,1.1,36.33,864.12,25.88,6,DAP,152.59,Pre-harvest
Soybean,Gujarat,Peaty,6.99,164.89,35.78,138.13,1.5,39.34,693.73,25.23,7,Compost,192.08,Mid growth
Potato,Maharashtra,Silty,6.86,188.66,54.45,113.51,1.57,26.8,611.24,18.56,10,Compost,198.61,Pre-harvest
Maize,Andhra Pradesh,Silty,6.72,100.3,30.79,102.12,0.86,21.53,679.47,27.31,13,Urea,123.56,Pre-harvest
Sugarcane,Tamil Nadu,Loamy,6.17,129.62,54.28,152.22,1.49,38.78,1357.42,32.24,7,Urea,145.41,After sowing
Potato,Gujarat,Clay,7.35,181.9,51.83,118.87,1.23,34.7,932.36,22.35,19,Compost,116.14,Mid growth
Millet,Maharashtra,Loamy,6.52,131.33,45.71,125.98,1.21,29.85,694.37,29.01,14,Mixed,195.46,Mid growth
Soybean,Maharashtra,Clay,7.42,131.38,50.25,97.43,1.54,24.37,895.39,31.78,16,Potash,118.79,Pre-harvest
Groundnut,Karnataka,Peaty,6.39,151.13,40.64,139.37,1.14,31.98,507.29,30.0,16,DAP,173.98,Mid growth
Groundnut,Maharashtra,Loamy,7.09,131.26,53.56,110.86,1.3,36.9,503.85,29.99,6,DAP,103.91,Pre-harvest
Rice,Maharashtra,Clay,6.87,159.34,58.49,156.54,1.18,38.81,1487.28,30.08,10,DAP,89.23,Before sowing
Cotton,Andhra Pradesh,Loamy,6.79,164.91,38.84,102.95,1.29,23.5,726.87,31.32,18,Mixed,120.19,After sowing
Soybean,Andhra Pradesh,Peaty,5.89,139.27,53.48,90.46,1.07,30.8,693.58,30.79,11,Potash,142.33,After sowing
Rice,Gujarat,Peaty,6.2,173.16,41.57,147.66,1.34,38.29,1199.72,28.73,13,Urea,157.81,Pre-harvest
Maize,Gujarat,Peaty,7.47,144.58,31.09,102.71,1.01,24.45,457.79,22.08,19,Compost,197.2,Before sowing
Millet,Gujarat,Sandy,6.68,150.98,34.28,87.97,1.37,21.1,461.24,29.39,15,Potash,151.43,Before sowing
Wheat,Maharashtra,Sandy,5.93,106.4,44.51,129.19,0.95,36.34,745.93,25.49,15,Urea,122.74,Before sowing
Potato,Andhra Pradesh,Clay,6.62,157.4,36.61,137.94,1.5,39.43,631.31,24.21,18,Compost,85.28,Before sowing
Sugarcane,Gujarat,Peaty,7.12,167.3,59.72,113.07,1.48,37.78,1056.22,29.83,5,Compost,127.38,Before sowing
Millet,Karnataka,Silty,5.92,112.13,33.49,82.13,0.83,28.48,793.45,25.02,16,Urea,143.99,After sowing
Sugarcane,Tamil Nadu,Silty,6.2,140.74,52.74,109.12,1.54,22.16,1414.41,33.85,12,Compost,179.24,After sowing
Millet,Maharashtra,Silty,7.41,105.11,31.59,135.24,1.16,37.44,627.06,25.99,8,Urea,129.28,After sowing
Soybean,Gujarat,Sandy,6.7,133.09,39.81,124.32,1.45,39.03,604.39,26.81,7,Potash,125.8,Pre-harvest
Potato,Gujarat,Peaty,7.23,182.26,45.19,127.76,1.63,32.59,865.05,25.88,18,Compost,136.44,Pre-harvest
Rice,Gujarat,Silty,6.13,178.01,39.28,159.74,1.14,26.62,1484.87,34.55,12,Potash,102.81,Mid growth
Potato,Andhra Pradesh,Silty,7.01,180.54,49.89,110.22,1.54,39.58,699.74,21.17,13,Compost,100.5,Before sowing
Tomato,Gujarat,Clay,6.36,144.91,63.4,128.88,1.6,20.6,940.09,19.42,10,Compost,194.67,Mid growth
Cotton,Maharashtra,Sandy,6.41,130.8,46.87,101.74,1.22,22.72,619.36,31.62,10,Urea,106.96,Before sowing
Potato,Tamil Nadu,Clay,7.36,160.85,50.91,126.82,1.45,37.05,808.33,20.81,10,Mixed,111.89,Mid growth
Sugarcane,Gujarat,Loamy,7.17,172.79,47.36,150.84,1.23,20.16,880.59,31.52,7,Compost,185.56,Mid growth
Groundnut,Maharashtra,Loamy,7.49,129.36,41.76,142.52,1.44,23.42,519.96,27.12,8,Potash,114.14,Before sowing
Tomato,Tamil Nadu,Sandy,7.08,175.06,47.45,121.65,1.49,29.99,877.36,19.49,12,Compost,190.32,Pre-harvest
Soybean,Tamil Nadu,Clay,7.31,147.57,41.11,129.8,1.37,28.63,700.96,32.63,13,Compost,93.73,Pre-harvest
Tomato,Andhra Pradesh,Sandy,6.28,171.33,39.99,133.54,1.62,21.91,805.53,21.19,7,Compost,184.01,Mid growth
Maize,Gujarat,Sandy,7.16,141.87,40.93,139.14,1.44,32.71,598.53,25.36,7,DAP,82.58,Mid growth
Wheat,Karnataka,Silty,6.11,114.1,29.72,99.07,0.85,23.69,419.42,27.63,9,Urea,190.6,Pre-harvest
Cotton,Maharashtra,Silty,6.62,163.83,35.44,130.03,1.18,32.03,714.62,25.62,15,Compost,122.15,After sowing
Wheat,Andhra Pradesh,Sandy,6.92,150.68,34.11,111.74,0.96,24.67,732.64,20.18,13,DAP,158.83,Mid growth
Soybean,Andhra Pradesh,Loamy,7.3,157.49,40.04,144.6,1.15,38.88,529.07,27.34,15,Compost,113.7,Before sowing
Groundnut,Tamil Nadu,Peaty,6.97,162.95,50.63,129.96,1.06,24.33,609.24,30.9,4,Urea,127.49,Mid growth
Rice,Andhra Pradesh,Peaty,6.05,165.9,32.71,136.31,1.13,34.33,1484.92,26.11,7,DAP,100.39,Pre-harvest
Rice,Tamil Nadu,Loamy,6.1,132.91,34.98,118.32,1.36,28.28,968.92,33.79,19,Mixed,111.24,After sowing
Potato,Andhra Pradesh,Peaty,7.28,171.01,41.31,149.33,1.79,34.95,655.33,24.73,9,Compost,131.61,Mid growth
Maize,Andhra Pradesh,Peaty,6.59,134.88,29.98,120.7,1.46,27.81,518.95,23.02,14,DAP,199.69,Before sowing
Groundnut,Tamil Nadu,Sandy,7.09,157.5,44.82,131.52,1.22,32.45,720.08,30.53,6,Urea,167.67,Mid growth
Wheat,Karnataka,Peaty,6.02,114.91,46.94,82.92,1.42,31.47,561.16,25.26,13,Urea,89.94,Pre-harvest
Tomato,Tamil Nadu,Silty,6.37,133.18,56.19,150.46,1.49,22.63,754.53,18.48,12,Potash,182.54,Before sowing
Soybean,Tamil Nadu,Clay,7.31,154.34,34.9,97.24,1.39,35.78,816.56,31.87,20,Potash,81.64,Pre-harvest
Potato,Andhra Pradesh,Clay,7.41,171.66,50.39,136.29,1.53,37.9,650.6,26.73,15,Compost,113.76,Before sowing
Groundnut,Tamil Nadu,Silty,6.61,145.61,44.91,141.83,1.52,27.72,777.34,29.52,4,Compost,121.07,Before sowing
Wheat,Andhra Pradesh,Clay,7.34,110.2,38.0,126.59,1.03,37.08,708.83,21.51,20,Urea,121.03,Mid growth
Sugarcane,Gujarat,Silty,7.07,170.49,41.66,159.57,1.34,26.59,1116.1,34.17,19,Potash,196.1,Mid growth
Soybean,Andhra Pradesh,Peaty,5.97,147.07,40.03,120.26,1.31,23.38,656.31,29.97,18,Potash,101.1,After sowing
Rice,Gujarat,Silty,7.15,122.11,36.98,132.14,1.26,30.92,1034.35,34.11,7,Compost,179.5,Mid growth
Rice,Karnataka,Silty,6.89,125.35,47.71,114.68,1.76,36.3,1038.0,34.79,5,Compost,169.59,Mid growth
Soybean,Maharashtra,Loamy,7.12,130.43,48.0,112.08,1.12,25.64,817.05,28.73,18,DAP,196.36,Pre-harvest
Rice,Maharashtra,Loamy,6.02,133.94,57.52,150.07,1.2,37.84,1051.79,30.77,9,Mixed,189.16,Before sowing
Rice,Maharashtra,Peaty,7.49,171.7,53.93,111.57,1.68,35.36,992.34,25.38,7,Compost,194.51,After sowing
Wheat,Karnataka,Clay,6.63,124.11,48.63,91.89,1.48,38.45,563.97,28.89,19,Potash,112.26,Mid growth
Rice,Andhra Pradesh,Sandy,7.17,120.93,54.53,134.8,1.57,32.43,1439.03,28.89,17,Compost,97.42,Mid growth
Soybean,Tamil Nadu,Silty,6.32,153.05,52.64,120.37,1.24,26.63,767.74,24.75,7,DAP,165.4,Before sowing
Sugarcane,Karnataka,Sandy,7.36,147.73,31.08,142.58,1.43,20.2,1025.77,26.37,12,Mixed,149.44,Mid growth
Wheat,Andhra Pradesh,Loamy,6.59,113.66,37.96,128.85,0.89,26.21,674.96,20.99,9,Urea,185.82,Mid growth
Groundnut,Maharashtra,Peaty,7.08,158.05,32.36,132.73,1.22,29.56,515.87,32.29,19,Potash,146.54,Before sowing
Potato,Tamil Nadu,Sandy,6.28,138.32,38.36,126.08,1.27,34.58,619.78,25.6,11,Mixed,146.68,Pre-harvest
Groundnut,Maharashtra,Loamy,6.77,130.78,37.75,129.11,1.14,31.36,853.2,25.93,13,Potash,179.84,Mid growth
Cotton,Tamil Nadu,Clay,7.34,136.35,38.29,95.31,1.53,35.85,722.45,31.18,14,Potash,178.19,After sowing
Sugarcane,Gujarat,Silty,7.36,167.76,37.6,154.91,1.13,36.64,1497.78,26.92,17,Compost,86.84,After sowing
Soybean,Maharashtra,Silty,7.02,132.38,36.89,124.35,1.38,26.54,743.63,30.59,9,Urea,106.39,Mid growth
Maize,Tamil Nadu,Sandy,6.66,135.42,27.4,130.26,0.87,29.62,517.62,20.49,17,DAP,151.9,Mid growth
Potato,Gujarat,Loamy,6.22,144.51,41.86,127.9,1.53,29.42,629.83,18.6,20,Compost,172.38,Before sowing
Rice,Andhra Pradesh,Silty,7.09,133.36,39.39,148.79,1.3,28.72,818.72,25.69,13,Compost,86.46,Mid growth
Soybean,Gujarat,Silty,6.02,140.9,39.57,139.42,1.07,29.72,891.09,32.94,19,Potash,144.85,Pre-harvest
Groundnut,Andhra Pradesh,Clay,6.69,125.89,51.06,138.16,1.12,32.67,851.46,24.59,12,Mixed,89.74,Pre-harvest
Groundnut,Maharashtra,Silty,5.83,158.63,46.97,141.65,1.26,39.69,798.91,30.84,19,Urea,180.49,Pre-harvest
Groundnut,Andhra Pradesh,Peaty,6.2,145.92,40.03,149.24,1.07,34.49,509.46,30.71,19,DAP,148.16,Pre-harvest
Wheat,Andhra Pradesh,Peaty,6.79,123.82,30.99,123.3,0.88,27.09,580.4,24.12,17,Compost,195.64,Before sowing
Tomato,Tamil Nadu,Clay,6.13,189.29,61.15,113.12,1.46,30.82,609.77,23.9,19,Mixed,139.54,Before sowing
Rice,Maharashtra,Sandy,6.27,176.74,47.42,138.74,1.29,22.65,974.06,34.43,10,Compost,172.52,Before sowing
Sugarcane,Maharashtra,Clay,7.46,179.11,57.44,150.16,1.41,28.84,990.64,34.6,5,Compost,133.05,Pre-harvest
Rice,Karnataka,Sandy,6.06,156.31,48.7,102.85,1.28,36.68,815.69,33.85,8,Mixed,146.22,After sowing
Tomato,Tamil Nadu,Sandy,7.0,182.34,36.69,145.44,1.46,23.6,838.21,27.97,6,DAP,86.53,After sowing
Soybean,Karnataka,Sandy,7.48,133.81,48.67,100.29,1.32,36.64,837.07,31.58,15,Mixed,169.08,After sowing
Millet,Maharashtra,Silty,6.97,130.98,33.33,129.17,0.81,33.11,694.79,24.55,8,DAP,111.07,Pre-harvest
Soybean,Gujarat,Loamy,5.8,150.61,43.86,138.11,1.46,22.47,861.84,28.45,17,DAP,139.4,Before sowing
Millet,Maharashtra,Silty,6.85,123.71,35.04,120.01,1.15,37.94,726.21,24.58,7,Compost,149.92,Pre-harvest
Cotton,Maharashtra,Silty,7.36,119.38,42.38,92.52,1.12,25.09,807.25,30.36,17,Urea,143.47,Before sowing
Sugarcane,Gujarat,Loamy,5.81,179.0,42.25,153.54,1.5,27.59,852.58,25.61,19,Compost,153.48,After sowing
Maize,Maharashtra,Silty,6.98,117.87,46.7,111.89,0.85,38.52,689.05,24.11,10,Urea,160.03,Before sowing
Sugarcane,Maharashtra,Sandy,6.07,155.85,49.6,154.4,1.58,38.78,1299.2,28.9,18,Compost,108.8,After sowing
Millet,Maharashtra,Clay,6.52,127.42,49.75,130.72,0.86,23.5,423.41,23.51,13,DAP,81.76,Pre-harvest
Soybean,Tamil Nadu,Sandy,6.63,150.34,36.3,138.24,1.18,22.19,695.83,31.74,8,Potash,84.46,Pre-harvest
Cotton,Karnataka,Clay,5.92,124.31,31.32,143.93,1.5,23.47,878.05,32.97,12,Compost,167.93,Mid growth
Soybean,Gujarat,Sandy,7.2,113.54,54.91,133.19,1.28,28.35,541.88,25.61,10,Urea,189.92,Pre-harvest
Maize,Karnataka,Loamy,6.81,133.99,25.34,117.39,1.11,38.41,548.95,29.7,13,DAP,101.14,Pre-harvest
Soybean,Gujarat,Loamy,6.06,113.03,33.9,130.9,1.41,25.9,740.08,32.76,16,Urea,116.02,Pre-harvest
Tomato,Andhra Pradesh,Peaty,7.15,171.83,60.75,135.42,1.52,21.56,888.2,18.46,10,Compost,98.2,Before sowing
Tomato,Gujarat,Silty,6.86,146.11,38.42,130.76,1.54,33.23,696.04,18.59,4,Compost,133.23,Pre-harvest
Cotton,Gujarat,Sandy,6.99,151.69,46.84,105.73,1.23,26.16,865.71,25.79,18,Potash,119.3,Before sowing
Wheat,Karnataka,Sandy,6.14,108.34,36.71,102.32,1.27,22.94,797.98,25.94,11,Urea,131.53,Before sowing
Maize,Andhra Pradesh,Silty,6.42,115.89,47.11,136.41,1.04,36.25,716.14,21.53,18,Urea,186.54,Before sowing
Rice,Andhra Pradesh,Peaty,6.13,159.59,43.43,139.67,1.73,32.2,1388.96,27.84,11,Compost,156.11,Pre-harvest
Cotton,Maharashtra,Clay,5.97,138.25,50.07,96.86,1.47,33.5,712.74,31.42,6,Potash,157.51,Before sowing
Potato,Maharashtra,Sandy,6.65,165.82,62.47,150.95,1.22,21.46,637.06,26.11,16,Compost,148.54,Pre-harvest
Wheat,Karnataka,Sandy,6.06,154.94,31.92,90.89,1.12,25.32,453.47,25.99,14,Potash,81.45,After sowing
Rice,Tamil Nadu,Peaty,7.09,166.11,59.46,120.04,1.21,33.82,1396.56,32.63,15,DAP,94.63,Pre-harvest
Maize,Maharashtra,Loamy,6.61,146.98,42.91,99.94,0.8,22.94,569.95,21.31,15,Potash,185.75,Pre-harvest
Tomato,Karnataka,Clay,6.43,169.44,37.6,118.37,1.69,23.28,951.23,24.72,8,Compost,139.7,Pre-harvest
Millet,Gujarat,Loamy,6.94,112.86,45.3,107.02,1.02,30.39,627.11,29.9,15,Urea,86.45,After sowing
Potato,Gujarat,Sandy,6.72,135.39,52.7,151.62,1.26,32.32,756.35,24.61,11,Mixed,145.04,Before sowing
Groundnut,Gujarat,Silty,6.9,154.25,50.74,147.38,1.26,20.14,540.85,25.03,9,Mixed,167.7,Before sowing
Groundnut,Tamil Nadu,Silty,7.13,143.23,32.94,149.31,1.05,22.06,736.97,29.96,17,Mixed,130.97,After sowing
Cotton,Karnataka,Sandy,6.14,159.66,50.21,143.73,1.37,27.6,804.34,30.46,10,Potash,92.29,After sowing
Rice,Tamil Nadu,Loamy,7.01,171.41,57.35,122.47,1.4,29.18,1302.27,26.29,20,Urea,178.62,Pre-harvest
Millet,Tamil Nadu,Silty,6.56,129.58,29.47,125.72,1.08,36.19,580.12,25.13,8,DAP,113.74,After sowing
Rice,Tamil Nadu,Peaty,6.46,152.84,40.61,132.92,1.53,37.19,950.76,25.14,10,Compost,146.25,After sowing
Groundnut,Andhra Pradesh,Peaty,6.1,152.28,34.6,116.2,1.36,26.41,881.37,26.61,12,DAP,186.41,Mid growth
Groundnut,Gujarat,Loamy,7.24,148.64,33.97,130.95,1.09,38.51,633.16,30.71,11,DAP,177.86,Before sowing
Wheat,Gujarat,Loamy,6.46,118.19,37.56,95.95,1.23,31.82,768.01,23.58,13,Urea,117.37,Pre-harvest
Potato,Andhra Pradesh,Clay,6.6,155.04,64.83,113.41,1.2,30.47,659.96,20.45,8,DAP,159.57,Before sowing
Rice,Andhra Pradesh,Loamy,6.85,163.1,39.67,153.57,1.02,38.88,1299.56,28.91,13,Compost,123.26,Before sowing
Rice,Tamil Nadu,Silty,7.34,121.36,40.9,120.09,1.71,20.32,1279.53,31.8,12,Compost,120.47,Pre-harvest
Soybean,Gujarat,Peaty,6.8,124.99,47.03,96.12,1.32,22.11,578.58,24.79,10,Potash,95.64,Before sowing
Cotton,Andhra Pradesh,Sandy,6.29,111.55,40.11,103.67,1.25,29.11,827.11,24.94,17,Urea,138.49,Pre-harvest
Millet,Andhra Pradesh,Silty,5.95,149.93,41.81,124.97,0.85,37.3,502.05,27.31,12,Urea,176.17,Mid growth
Millet,Karnataka,Sandy,6.19,134.0,38.57,118.21,1.46,33.8,790.23,27.37,11,DAP,156.8,Pre-harvest
Wheat,Karnataka,Sandy,6.65,156.25,26.31,123.75,1.43,34.73,560.74,21.83,19,DAP,180.43,Mid growth
Groundnut,Tamil Nadu,Silty,6.45,140.41,32.85,94.2,1.5,37.57,609.92,31.15,15,Potash,194.56,After sowing
Sugarcane,Gujarat,Silty,6.23,130.6,35.46,149.93,1.12,35.57,1457.53,34.77,14,Mixed,110.03,Before sowing
Cotton,Maharashtra,Clay,7.39,137.73,53.84,104.24,1.1,36.13,639.43,31.97,8,Potash,111.88,Pre-harvest
Groundnut,Karnataka,Clay,6.37,111.02,32.0,135.76,1.24,30.95,531.85,30.24,19,Urea,156.92,Pre-harvest
Cotton,Tamil Nadu,Sandy,6.49,122.02,40.59,119.07,1.21,38.56,858.38,31.86,11,DAP,124.16,Mid growth
Sugarcane,Maharashtra,Peaty,5.85,132.8,55.55,114.93,1.54,25.29,1375.31,31.45,13,Compost,132.43,Before sowing
Millet,Gujarat,Sandy,6.15,103.3,47.43,139.32,1.32,29.73,665.98,24.83,9,Urea,191.35,Pre-harvest
Tomato,Karnataka,Loamy,6.11,148.93,43.48,137.6,1.4,28.6,808.81,24.88,18,DAP,184.56,Mid growth
Groundnut,Karnataka,Loamy,6.67,163.31,38.16,121.93,1.43,34.52,756.43,24.38,7,Potash,199.67,Before sowing
Soybean,Maharashtra,Peaty,6.5,129.18,40.78,147.01,1.06,32.53,538.95,28.55,7,Compost,93.84,After sowing
Sugarcane,Gujarat,Loamy,6.1,121.15,31.43,121.62,1.5,24.28,907.84,27.26,13,DAP,143.57,Pre-harvest
Rice,Andhra Pradesh,Clay,7.25,124.2,33.9,150.16,1.43,32.57,1020.4,25.37,13,Urea,130.0,Before sowing
Maize,Gujarat,Silty,6.63,138.48,28.9,129.06,0.81,29.22,507.59,25.21,14,DAP,135.36,Pre-harvest
Rice,Andhra Pradesh,Peaty,6.03,178.5,35.59,108.97,1.1,35.93,1414.75,29.25,13,Compost,144.76,Before sowing
Sugarcane,Tamil Nadu,Sandy,6.66,133.45,38.01,104.43,1.19,39.45,830.73,29.41,16,Urea,167.89,After sowing
Groundnut,Andhra Pradesh,Sandy,7.06,114.4,34.84,124.35,1.3,30.46,516.99,28.24,10,Urea,163.95,Mid growth
Millet,Tamil Nadu,Loamy,6.6,142.7,44.48,121.12,0.9,34.07,746.48,29.4,20,Compost,197.14,Mid growth
Tomato,Karnataka,Clay,6.47,159.37,49.96,120.12,1.4,22.58,732.84,18.32,8,Urea,100.31,Pre-harvest
Maize,Andhra Pradesh,Loamy,6.77,106.96,44.21,91.83,1.01,38.82,654.21,23.78,7,Urea,182.55,Before sowing
Groundnut,Maharashtra,Silty,6.91,161.67,34.71,94.05,1.03,38.4,869.1,26.16,16,Potash,87.04,After sowing
Potato,Gujarat,Sandy,6.39,134.19,45.32,118.33,1.46,29.44,805.68,26.4,9,Mixed,152.33,Before sowing
Sugarcane,Gujarat,Sandy,6.87,177.79,39.08,110.63,1.71,37.42,1146.81,34.18,16,Compost,154.9,Before sowing
Potato,Karnataka,Sandy,5.97,180.82,36.75,120.09,1.53,34.5,626.1,18.57,11,Compost,157.99,Pre-harvest
Maize,Karnataka,Peaty,7.11,129.46,41.38,124.64,1.21,27.97,441.68,21.12,16,Potash,139.76,Before sowing
Soybean,Karnataka,Silty,6.13,131.83,53.4,106.69,1.32,30.21,703.39,31.09,14,Mixed,93.19,Pre-harvest
Potato,Maharashtra,Sandy,6.24,163.34,59.91,134.7,1.37,31.97,891.06,26.59,16,DAP,179.05,Pre-harvest
Tomato,Andhra Pradesh,Clay,5.88,182.35,61.49,115.86,1.66,22.94,626.01,21.48,19,Compost,173.52,After sowing
Soybean,Tamil Nadu,Sandy,6.02,113.62,52.8,133.07,1.05,39.44,784.11,26.29,20,Urea,115.83,After sowing
Soybean,Gujarat,Clay,6.25,141.29,47.44,136.92,1.16,35.74,541.37,24.36,20,Mixed,146.77,After sowing
Maize,Gujarat,Silty,7.03,144.95,29.08,125.34,1.14,38.16,657.78,27.5,19,DAP,160.47,Before sowing
Soybean,Gujarat,Clay,6.89,116.3,31.71,133.89,1.18,23.41,756.88,30.61,19,Urea,194.25,After sowing
Sugarcane,Tamil Nadu,Silty,7.34,131.42,48.12,110.32,1.45,38.43,997.35,25.87,8,Mixed,100.99,After sowing
Soybean,Andhra Pradesh,Clay,6.69,136.07,45.71,140.53,1.52,39.3,652.61,32.23,18,Compost,158.39,Mid growth
Groundnut,Andhra Pradesh,Sandy,7.34,114.84,35.29,137.49,1.39,30.97,599.38,27.16,8,Urea,193.05,Pre-harvest
Sugarcane,Tamil Nadu,Sandy,7.17,124.67,50.19,130.97,1.36,30.61,1231.86,26.6,4,Potash,81.91,Before sowing
Soybean,Andhra Pradesh,Sandy,6.43,167.47,36.77,126.87,1.15,31.49,824.74,31.2,19,Urea,161.54,Before sowing
Groundnut,Tamil Nadu,Loamy,6.61,113.02,48.63,104.74,1.42,21.91,590.42,24.65,9,Urea,138.04,Pre-harvest
Rice,Maharashtra,Loamy,5.95,153.0,38.89,145.01,1.66,25.27,853.71,30.61,5,Compost,91.08,Before sowing
Maize,Tamil Nadu,Clay,7.31,103.87,48.1,96.39,0.97,27.8,416.26,24.52,7,Urea,155.61,Before sowing
Cotton,Gujarat,Loamy,6.49,119.33,36.0,134.29,1.32,35.4,559.69,30.39,8,Urea,118.73,Before sowing
Wheat,Maharashtra,Sandy,7.01,156.0,33.02,83.64,1.02,28.85,421.68,28.4,7,Potash,109.32,Pre-harvest
Maize,Gujarat,Peaty,6.27,137.25,30.01,110.02,0.96,24.49,437.54,23.6,6,DAP,87.76,After sowing
Cotton,Karnataka,Clay,6.6,153.53,44.82,117.13,1.08,28.02,722.42,29.49,11,Mixed,175.01,After sowing
Sugarcane,Tamil Nadu,Sandy,7.35,159.99,31.57,144.01,1.24,31.4,1233.52,30.16,16,Compost,197.09,Before sowing
Sugarcane,Maharashtra,Peaty,7.41,144.98,36.52,135.86,1.43,23.1,1272.73,34.04,17,Mixed,115.39,Pre-harvest
Cotton,Karnataka,Peaty,6.66,141.09,41.05,142.9,1.54,33.34,584.17,30.49,11,Compost,185.8,Before sowing
Millet,Gujarat,Clay,7.47,156.05,26.71,118.47,0.91,31.26,483.65,22.31,11,DAP,88.48,After sowing
Tomato,Karnataka,Loamy,6.4,163.19,45.18,138.02,1.78,27.62,811.71,18.93,4,Compost,117.59,After sowing
Soybean,Maharashtra,Clay,5.84,130.34,38.55,149.2,1.04,38.73,848.46,28.61,5,Compost,102.8,After sowing
Millet,Andhra Pradesh,Silty,6.35,114.62,48.21,85.45,1.07,27.62,484.51,21.21,7,Urea,147.12,After sowing
Groundnut,Andhra Pradesh,Loamy,7.03,157.58,54.42,100.41,1.18,36.68,894.35,25.96,12,Potash,194.08,Before sowing
Rice,Maharashtra,Sandy,7.38,124.27,58.66,156.96,1.75,31.12,978.26,31.04,7,Compost,147.93,Before sowing
Soybean,Karnataka,Silty,5.96,135.84,37.64,132.62,1.37,25.21,751.69,29.91,17,Urea,120.04,Before sowing
Tomato,Maharashtra,Sandy,7.23,134.87,64.99,122.77,1.27,28.18,746.21,27.36,15,Mixed,191.8,Mid growth
Tomato,Tamil Nadu,Sandy,6.12,181.97,54.65,132.5,1.45,28.16,780.41,27.33,9,Mixed,91.37,Before sowing
Tomato,Gujarat,Loamy,7.02,174.92,38.77,154.21,1.61,26.22,848.35,25.06,9,Compost,99.68,Mid growth
Soybean,Gujarat,Silty,6.91,143.39,36.18,95.32,1.36,32.82,640.04,31.56,7,Potash,107.22,Pre-harvest
Tomato,Andhra Pradesh,Peaty,6.72,155.93,59.11,125.75,1.21,34.76,934.86,22.64,5,Compost,180.2,Mid growth
Wheat,Karnataka,Loamy,5.9,133.94,34.98,85.39,1.44,28.77,664.03,29.86,11,Potash,181.86,Pre-harvest
Potato,Karnataka,Peaty,6.95,170.35,61.85,130.64,1.62,28.67,764.52,24.72,19,Compost,117.48,Pre-harvest
Millet,Gujarat,Clay,6.76,150.86,41.75,99.62,1.19,38.42,593.8,23.13,16,Potash,151.8,Mid growth
Maize,Andhra Pradesh,Sandy,6.88,157.06,41.93,85.16,1.13,21.93,617.83,28.36,8,Potash,167.55,After sowing
Groundnut,Tamil Nadu,Sandy,6.56,114.83,35.28,139.9,1.38,30.0,674.68,24.17,7,Urea,163.93,Pre-harvest
Cotton,Tamil Nadu,Loamy,7.35,117.62,45.81,112.32,1.11,39.49,641.62,28.61,14,Urea,148.65,Mid growth
Cotton,Maharashtra,Clay,5.91,134.35,54.28,106.82,1.33,25.0,798.71,25.29,6,Potash,149.48,Mid growth
Groundnut,Karnataka,Clay,7.26,110.62,42.26,102.13,1.24,36.53,676.52,28.63,18,Urea,171.19,Mid growth
Sugarcane,Andhra Pradesh,Clay,6.21,177.59,43.48,129.6,1.42,22.14,904.75,25.69,11,Urea,173.93,After sowing
Potato,Gujarat,Sandy,6.57,161.01,43.38,115.58,1.5,33.99,957.6,25.84,7,Compost,184.58,After sowing
Groundnut,Gujarat,Sandy,6.7,162.88,54.86,91.35,1.07,39.58,803.43,25.77,4,Potash,188.9,Before sowing
Soybean,Maharashtra,Silty,5.9,163.37,44.03,105.77,1.11,20.8,813.05,31.64,19,Potash,130.65,Mid growth
Maize,Karnataka,Sandy,6.47,116.44,30.2,118.35,1.36,30.7,465.2,25.59,11,Urea,92.6,Mid growth
Wheat,Gujarat,Peaty,7.24,116.53,35.34,110.92,0.88,20.58,654.48,21.74,7,Urea,120.68,Before sowing
Maize,Andhra Pradesh,Peaty,6.9,131.94,41.29,124.42,1.32,20.58,651.5,23.17,14,Compost,172.02,Before sowing
Groundnut,Maharashtra,Loamy,6.08,116.35,51.95,117.64,1.22,31.16,885.66,25.42,4,Urea,96.81,Before sowing
Wheat,Andhra Pradesh,Loamy,6.67,137.96,28.38,129.99,0.82,39.2,420.96,27.95,17,DAP,173.24,Mid growth
Groundnut,Tamil Nadu,Clay,6.89,118.5,35.28,116.33,1.31,39.59,740.23,24.91,20,Urea,141.53,Pre-harvest
Millet,Andhra Pradesh,Sandy,6.22,134.79,28.86,102.28,1.08,22.07,618.76,21.65,14,DAP,106.36,After sowing
Millet,Karnataka,Sandy,6.0,157.9,26.07,137.34,0.86,28.75,763.11,27.43,17,DAP,191.21,Mid growth
Maize,Gujarat,Sandy,6.99,154.9,41.56,92.72,1.17,26.93,797.94,28.02,12,Potash,107.75,Before sowing
Groundnut,Gujarat,Loamy,5.93,159.7,30.4,122.03,1.52,34.09,619.68,28.46,5,Compost,109.31,After sowing
Cotton,Andhra Pradesh,Sandy,6.88,118.48,35.99,133.4,1.14,37.14,600.5,32.14,6,Urea,183.18,Pre-harvest
Sugarcane,Andhra Pradesh,Sandy,7.18,158.3,50.38,127.3,1.27,36.59,1292.6,33.46,4,Potash,101.44,Mid growth
Millet,Andhra Pradesh,Silty,5.88,108.7,42.15,128.05,1.17,22.99,509.01,22.11,17,Urea,110.37,Pre-harvest
Cotton,Andhra Pradesh,Sandy,6.83,125.74,39.6,103.36,1.25,37.0,717.3,30.85,6,DAP,116.57,Mid growth
Sugarcane,Gujarat,Clay,6.0,161.44,35.49,154.28,1.46,30.28,846.16,33.1,15,Urea,108.69,Before sowing
Groundnut,Gujarat,Sandy,6.18,147.33,53.34,129.9,1.33,31.09,727.55,30.8,12,Compost,138.77,Pre-harvest
Maize,Gujarat,Sandy,7.04,105.18,49.79,130.76,1.1,39.55,417.15,25.38,14,Urea,126.28,Mid growth
Maize,Tamil Nadu,Loamy,5.81,131.18,47.56,139.28,1.2,38.41,588.28,28.49,20,DAP,172.23,Mid growth
Millet,Tamil Nadu,Peaty,7.48,133.56,37.57,103.06,1.39,29.09,420.97,22.93,19,Urea,96.3,Pre-harvest
Maize,Karnataka,Clay,6.79,153.08,40.48,122.47,1.38,31.14,778.29,20.81,15,DAP,156.83,After sowing
Rice,Karnataka,Clay,7.33,128.98,53.11,158.8,1.29,36.81,1336.55,32.43,4,Potash,132.4,Before sowing
Maize,Tamil Nadu,Silty,7.04,104.19,48.28,88.32,1.18,37.82,414.35,29.79,6,Urea,80.88,After sowing
Potato,Gujarat,Silty,6.95,146.43,60.56,141.94,1.39,39.6,904.96,19.15,20,Mixed,104.87,Pre-harvest
Wheat,Maharashtra,Clay,7.21,136.57,43.97,130.26,1.19,36.32,683.69,26.92,10,Compost,154.85,After sowing
Rice,Tamil Nadu,Silty,5.83,164.78,55.91,126.65,1.52,25.62,1333.86,30.94,16,Compost,146.92,Before sowing
Soybean,Andhra Pradesh,Peaty,7.23,132.05,35.79,145.25,1.3,38.5,856.57,32.77,4,Compost,149.42,Pre-harvest
Cotton,Tamil Nadu,Peaty,5.86,164.42,44.77,121.03,1.52,32.25,868.91,26.71,12,Compost,149.39,Mid growth
Potato,Gujarat,Clay,6.94,165.38,35.38,128.17,1.61,33.65,784.32,26.01,18,Compost,84.33,Before sowing
Maize,Maharashtra,Loamy,6.82,137.31,41.21,131.58,1.34,35.18,559.28,29.71,5,Compost,161.6,Mid growth
Millet,Tamil Nadu,Sandy,6.47,157.98,37.92,89.44,0.94,33.1,435.86,23.33,10,Potash,183.11,Mid growth
Rice,Maharashtra,Clay,5.98,167.45,58.9,115.55,1.59,24.01,1312.12,29.32,6,Compost,87.03,After sowing
Sugarcane,Maharashtra,Clay,6.24,173.94,54.11,129.34,1.33,25.86,1415.03,33.36,17,Potash,153.83,Mid growth
Tomato,Gujarat,Loamy,6.17,178.75,46.96,111.38,1.58,26.78,669.17,22.37,16,Compost,93.69,After sowing
Potato,Maharashtra,Peaty,7.19,138.64,47.02,148.9,1.51,37.64,707.09,24.84,20,Compost,127.5,Mid growth
Wheat,Tamil Nadu,Peaty,7.47,157.37,47.3,131.42,1.09,24.9,778.85,28.41,9,Potash,129.52,After sowing
Groundnut,Andhra Pradesh,Clay,6.38,169.72,52.52,136.42,1.08,31.06,599.96,28.77,18,Mixed,169.99,Pre-harvest
Groundnut,Karnataka,Clay,6.36,115.6,50.0,135.68,1.13,27.23,858.43,28.04,4,Urea,182.36,Mid growth
Millet,Gujarat,Peaty,6.5,145.21,42.03,126.86,0.99,31.31,646.02,20.9,12,DAP,190.97,After sowing
Tomato,Andhra Pradesh,Loamy,6.14,182.36,35.38,136.09,1.37,28.91,914.2,18.99,17,DAP,94.76,Mid growth
Rice,Gujarat,Sandy,6.54,178.8,45.99,130.07,1.69,34.48,972.29,32.69,18,Compost,185.36,Mid growth
Soybean,Karnataka,Loamy,6.54,113.68,44.12,104.89,1.35,32.71,675.53,25.95,15,Urea,180.05,Pre-harvest
Wheat,Maharashtra,Loamy,5.94,157.67,39.58,99.96,1.35,32.57,679.83,20.04,6,Potash,117.79,After sowing
Groundnut,Andhra Pradesh,Sandy,6.66,154.04,41.26,107.68,1.13,21.34,500.08,24.88,5,Urea,141.11,Mid growth
Sugarcane,Andhra Pradesh,Peaty,6.84,138.88,39.77,104.59,1.45,36.79,1138.38,32.18,7,Mixed,88.2,Pre-harvest
Wheat,Gujarat,Silty,6.77,130.28,44.63,135.69,1.33,26.45,594.52,20.83,8,Mixed,142.03,Mid growth
Wheat,Andhra Pradesh,Loamy,6.84,128.9,31.27,114.32,1.21,39.76,582.38,21.49,5,DAP,190.89,After sowing
Wheat,Andhra Pradesh,Clay,7.33,112.1,32.8,96.47,1.33,35.22,659.84,25.64,7,Urea,187.36,Before sowing
Maize,Karnataka,Sandy,7.44,154.46,47.57,101.78,1.26,37.14,757.27,26.07,17,Urea,118.01,Before sowing
Soybean,Andhra Pradesh,Silty,6.62,112.88,32.16,116.84,1.24,34.45,883.64,32.68,5,Urea,187.41,Pre-harvest
Wheat,Tamil Nadu,Loamy,6.8,157.49,42.26,110.73,0.9,24.21,611.7,29.43,7,Urea,180.86,Pre-harvest
Wheat,Tamil Nadu,Clay,5.84,122.72,27.55,86.24,1.48,39.8,492.13,23.77,15,DAP,185.01,Before sowing
Sugarcane,Gujarat,Sandy,6.5,122.88,59.79,101.55,1.0,32.27,1087.58,29.16,8,Urea,160.29,Before sowing
Millet,Andhra Pradesh,Clay,6.26,136.06,40.52,122.97,1.2,37.14,438.39,21.21,17,Potash,156.61,Mid growth
Soybean,Maharashtra,Sandy,6.98,154.7,45.64,117.95,1.13,27.12,647.33,27.13,18,Potash,160.96,Before sowing
Potato,Tamil Nadu,Silty,7.09,156.02,36.31,135.68,1.77,30.03,633.9,22.56,11,Compost,136.81,After sowing
Cotton,Maharashtra,Clay,6.35,157.64,50.57,135.41,1.34,29.01,680.87,24.91,10,Compost,152.07,Mid growth
Soybean,Gujarat,Loamy,6.55,138.85,37.28,123.26,1.17,23.47,786.47,31.81,14,Compost,98.56,After sowing
Potato,Karnataka,Sandy,6.76,157.84,54.28,117.13,1.52,24.32,895.51,18.83,16,Compost,122.07,After sowing
Potato,Andhra Pradesh,Peaty,6.86,185.3,58.42,113.12,1.45,37.88,698.23,21.37,15,DAP,88.83,Before sowing
Potato,Karnataka,Loamy,6.53,148.08,61.65,146.84,1.25,36.85,958.49,18.41,20,Potash,197.32,Pre-harvest
Millet,Maharashtra,Clay,6.24,117.14,48.59,100.76,0.87,39.49,748.39,22.82,16,Urea,181.07,Before sowing
Tomato,Andhra Pradesh,Loamy,6.83,136.57,44.92,131.2,1.76,30.55,779.02,23.53,19,Compost,149.87,Pre-harvest
Millet,Maharashtra,Peaty,6.76,148.97,37.04,117.75,1.4,30.65,764.21,20.02,7,Urea,194.17,Pre-harvest
Wheat,Tamil Nadu,Peaty,6.11,140.79,42.55,116.44,1.03,37.62,681.58,23.83,16,Mixed,113.14,After sowing
Maize,Gujarat,Peaty,7.15,138.48,29.89,132.74,0.85,23.85,578.46,25.71,19,DAP,157.22,Mid growth
Sugarcane,Gujarat,Peaty,6.29,124.02,59.46,145.81,1.77,24.65,925.95,30.78,14,Compost,190.41,Pre-harvest
Maize,Tamil Nadu,Peaty,6.39,112.57,45.53,90.36,1.18,27.7,695.95,20.3,4,Urea,196.48,After sowing
Millet,Maharashtra,Clay,6.01,118.05,33.61,85.95,1.22,35.24,753.72,27.53,12,Urea,134.09,Pre-harvest
Maize,Tamil Nadu,Sandy,6.5,123.04,34.73,113.97,1.12,30.9,625.2,28.34,9,Urea,143.12,Pre-harvest
Potato,Andhra Pradesh,Peaty,7.33,149.94,55.21,149.55,1.76,35.45,642.65,27.59,15,Compost,173.3,Mid growth
Tomato,Maharashtra,Peaty,6.93,159.41,55.65,142.28,1.25,23.8,684.73,24.54,7,DAP,187.66,Pre-harvest
Maize,Andhra Pradesh,Clay,6.4,116.46,38.33,127.4,1.19,25.14,730.32,24.8,8,Urea,142.72,Mid growth
Cotton,Andhra Pradesh,Sandy,7.25,122.97,49.82,95.14,1.21,26.08,695.93,29.46,7,Potash,118.74,Mid growth
Potato,Karnataka,Peaty,5.9,161.77,62.55,129.83,1.29,23.84,921.64,18.52,8,Potash,86.44,Mid growth
Potato,Gujarat,Sandy,6.22,176.31,64.77,110.26,1.55,29.79,626.32,24.94,20,Compost,176.86,After sowing
Rice,Maharashtra,Peaty,7.11,149.84,56.15,124.11,1.11,30.33,1181.27,34.95,20,Mixed,123.94,Pre-harvest
Sugarcane,Karnataka,Clay,6.73,142.89,56.18,151.23,1.68,31.52,1170.75,25.76,5,Compost,180.48,Mid growth
Maize,Tamil Nadu,Sandy,6.18,123.63,40.79,129.11,1.16,33.76,680.37,26.43,19,Potash,124.46,Pre-harvest
Potato,Andhra Pradesh,Silty,6.76,137.21,39.6,111.65,1.58,30.15,655.18,23.68,15,Compost,152.58,After sowing
Sugarcane,Gujarat,Silty,6.44,155.27,33.87,132.77,1.67,27.38,1453.32,30.86,10,Compost,100.34,Pre-harvest
Millet,Tamil Nadu,Loamy,7.0,131.58,33.7,80.83,1.12,39.1,508.36,26.01,4,Potash,86.33,Mid growth
Groundnut,Karnataka,Loamy,6.85,137.44,44.61,100.17,1.15,33.38,818.59,32.21,17,Potash,140.89,Before sowing
Cotton,Maharashtra,Silty,6.88,119.78,31.19,124.38,1.58,38.33,517.9,29.51,12,Urea,187.07,After sowing
Groundnut,Gujarat,Sandy,5.9,125.47,45.61,128.35,1.18,30.18,525.42,32.31,12,Urea,193.42,Pre-harvest
Rice,Maharashtra,Clay,7.39,145.95,38.61,133.34,1.45,36.07,925.44,31.98,18,DAP,125.25,After sowing
Wheat,Karnataka,Sandy,6.57,127.82,39.16,119.52,1.43,26.82,776.19,20.11,18,DAP,181.61,After sowing
Wheat,Karnataka,Loamy,7.01,106.53,30.13,122.41,0.93,38.94,456.7,25.8,17,Urea,198.23,Mid growth
Potato,Karnataka,Sandy,6.06,161.56,47.66,148.43,1.7,25.84,714.52,18.54,8,Compost,145.43,After sowing
Millet,Andhra Pradesh,Silty,6.97,130.62,39.1,89.87,0.89,31.01,487.41,26.24,20,Potash,113.27,After sowing
Tomato,Andhra Pradesh,Peaty,7.46,164.12,43.98,117.69,1.35,36.12,992.78,25.6,11,Compost,166.58,Mid growth
Soybean,Andhra Pradesh,Loamy,6.21,118.61,41.32,116.25,1.34,38.58,898.5,30.75,16,Urea,176.0,Before sowing
Sugarcane,Andhra Pradesh,Sandy,6.18,132.06,33.67,156.88,1.75,34.5,821.33,28.05,15,Compost,97.45,After sowing
Wheat,Maharashtra,Sandy,6.63,139.61,33.59,93.07,0.94,37.72,740.46,25.23,15,Potash,163.59,Pre-harvest
Maize,Maharashtra,Loamy,6.33,145.77,42.46,139.56,1.07,39.04,772.44,26.89,14,Potash,181.75,Before sowing
Rice,Karnataka,Loamy,6.03,165.33,51.6,142.5,1.52,27.63,931.5,32.48,18,Compost,81.43,Mid growth
Cotton,Andhra Pradesh,Silty,6.75,129.57,35.46,140.09,1.52,37.54,844.31,27.61,5,Compost,81.03,Pre-harvest
Rice,Gujarat,Clay,6.58,141.52,58.51,126.14,1.06,36.11,1395.9,33.39,18,Mixed,90.16,Pre-harvest
Wheat,Gujarat,Clay,6.46,138.16,40.95,138.05,1.41,28.26,630.13,24.8,17,Potash,155.95,Mid growth
Groundnut,Andhra Pradesh,Silty,6.86,155.3,31.42,104.06,1.12,36.99,679.79,25.4,8,Urea,83.76,After sowing
Tomato,Karnataka,Silty,6.78,137.28,52.65,136.74,1.41,32.61,807.37,26.84,19,Urea,142.7,Mid growth
Wheat,Maharashtra,Silty,7.03,111.16,48.59,98.62,1.43,35.6,658.31,28.11,18,Urea,85.38,Pre-harvest
Potato,Karnataka,Peaty,6.58,160.67,64.35,124.87,1.72,39.8,985.57,22.38,11,Compost,179.59,After sowing
Sugarcane,Karnataka,Loamy,6.48,175.07,57.03,103.6,1.41,24.02,812.55,29.47,6,Mixed,190.6,After sowing
Tomato,Tamil Nadu,Clay,7.26,130.97,63.61,120.82,1.75,23.37,682.95,21.34,7,Compost,168.78,Pre-harvest
Cotton,Andhra Pradesh,Peaty,5.85,141.7,41.16,123.56,1.56,33.17,829.31,26.99,13,Compost,164.26,Pre-harvest
Tomato,Andhra Pradesh,Clay,7.49,175.51,45.43,129.25,1.28,32.03,927.84,20.75,18,DAP,171.79,Mid growth
Sugarcane,Gujarat,Loamy,7.1,124.06,45.56,129.15,1.21,36.78,1014.98,25.42,20,DAP,146.02,Mid growth
Cotton,Maharashtra,Sandy,6.63,156.92,33.29,119.23,1.36,37.21,864.28,32.0,10,Mixed,109.92,Before sowing
Maize,Andhra Pradesh,Silty,7.11,119.71,39.15,130.32,1.39,27.78,527.71,26.25,12,Urea,150.97,After sowing
Potato,Andhra Pradesh,Loamy,7.3,163.9,37.1,142.33,1.64,26.34,900.43,21.75,18,Compost,158.58,Pre-harvest
Cotton,Gujarat,Loamy,6.96,125.79,38.45,138.92,1.3,29.52,648.37,29.54,4,Urea,170.34,Pre-harvest
Potato,Tamil Nadu,Clay,6.98,189.47,54.74,156.61,1.34,25.36,714.64,25.88,5,Mixed,149.76,After sowing
Wheat,Gujarat,Loamy,7.32,109.78,37.28,112.39,1.02,34.09,630.49,20.75,20,Urea,125.37,Before sowing
Cotton,Karnataka,Peaty,6.62,142.36,36.21,105.68,1.39,25.24,609.37,24.14,10,Urea,127.5,Mid growth
Cotton,Karnataka,Clay,6.87,116.85,47.56,120.54,1.21,35.15,597.74,25.84,14,Urea,192.39,Pre-harvest
Groundnut,Karnataka,Silty,6.62,139.94,33.69,100.21,1.34,34.95,831.13,28.72,15,Mixed,147.21,Pre-harvest
Soybean,Maharashtra,Sandy,6.84,166.51,31.41,90.56,1.34,29.53,708.82,27.65,13,Potash,123.28,After sowing
Rice,Gujarat,Loamy,7.08,141.26,45.98,155.82,1.8,37.18,1071.39,27.32,4,Compost,135.42,Pre-harvest
Cotton,Andhra Pradesh,Clay,6.77,141.74,54.49,93.61,1.33,28.53,856.7,31.79,7,Potash,181.3,Pre-harvest
Soybean,Gujarat,Peaty,6.73,152.51,37.86,90.55,1.03,30.57,565.51,25.23,6,Potash,188.38,After sowing
Soybean,Tamil Nadu,Loamy,6.09,110.99,50.01,118.74,1.12,30.27,649.24,31.42,13,Urea,180.24,Pre-harvest
Soybean,Karnataka,Sandy,6.83,158.53,41.87,126.92,1.54,30.73,732.38,28.62,7,Compost,80.88,Before sowing
Soybean,Karnataka,Clay,6.25,150.81,47.45,138.31,1.11,30.91,500.4,27.62,6,Mixed,172.69,Pre-harvest
Soybean,Tamil Nadu,Clay,6.94,157.94,39.96,94.88,1.29,31.42,679.59,25.73,14,Potash,170.38,Pre-harvest
Sugarcane,Karnataka,Sandy,6.21,140.57,51.02,147.31,1.05,22.35,1114.04,31.89,20,Potash,125.64,After sowing
Wheat,Karnataka,Silty,6.64,153.18,25.98,92.61,0.84,23.63,408.08,21.98,6,DAP,133.2,Pre-harvest
Wheat,Gujarat,Silty,6.0,145.55,38.38,81.05,1.16,29.06,497.97,25.57,12,Potash,127.59,Pre-harvest
Potato,Gujarat,Clay,6.39,164.08,56.14,154.31,1.58,28.56,972.25,21.44,6,Compost,184.27,After sowing
Potato,Karnataka,Peaty,7.35,158.76,48.66,158.77,1.38,38.0,681.81,25.4,17,Urea,148.6,Before sowing
Soybean,Karnataka,Peaty,7.45,137.31,52.82,99.84,1.1,21.37,806.68,25.88,7,Potash,110.89,After sowing
Maize,Gujarat,Peaty,6.04,156.32,35.67,123.67,1.39,38.61,466.13,26.58,5,Compost,88.17,After sowing
Groundnut,Maharashtra,Peaty,7.25,130.0,51.4,103.43,1.34,35.96,605.84,32.71,8,Compost,137.08,Before sowing
Wheat,Maharashtra,Loamy,7.39,151.17,48.78,84.94,1.26,36.48,660.14,25.13,16,Potash,83.37,Mid growth
Millet,Gujarat,Clay,6.31,111.46,49.52,92.28,1.47,37.32,678.18,20.02,5,Urea,153.93,Before sowing
Maize,Maharashtra,Silty,6.8,102.82,43.75,115.98,1.33,39.47,443.36,21.57,14,Urea,146.88,Mid growth
Wheat,Tamil Nadu,Peaty,6.72,131.17,31.59,125.44,0.88,36.28,546.86,27.55,4,Urea,190.08,After sowing
Cotton,Tamil Nadu,Sandy,6.01,160.56,54.63,124.34,1.17,24.29,883.46,30.36,11,Compost,142.56,Mid growth
Soybean,Maharashtra,Clay,6.54,158.16,47.31,119.39,1.31,37.49,509.76,24.25,15,DAP,121.49,Pre-harvest
Soybean,Andhra Pradesh,Sandy,7.01,124.86,53.18,113.47,1.19,25.61,579.0,25.82,14,Mixed,134.22,Pre-harvest
Potato,Karnataka,Sandy,6.77,151.18,49.04,143.21,1.54,27.9,653.97,23.92,6,Compost,123.71,Pre-harvest
Maize,Andhra Pradesh,Sandy,6.65,148.15,49.27,94.06,1.44,37.89,672.63,20.05,5,Potash,155.76,Mid growth
Wheat,Tamil Nadu,Silty,7.42,117.3,30.02,123.38,1.35,32.82,477.55,23.68,19,Urea,108.39,Before sowing
Cotton,Tamil Nadu,Peaty,6.35,158.15,33.28,112.4,1.1,28.03,607.64,31.85,20,Compost,124.42,Mid growth
Sugarcane,Tamil Nadu,Sandy,7.41,169.02,33.31,155.63,1.4,39.36,1458.3,34.31,6,Urea,127.69,After sowing
Tomato,Karnataka,Peaty,6.37,172.82,41.61,114.72,1.69,31.11,992.74,18.23,11,Compost,100.82,Pre-harvest
Maize,Tamil Nadu,Silty,6.14,151.95,43.55,128.4,0.99,34.92,611.98,27.61,8,Urea,105.58,Before sowing
Groundnut,Maharashtra,Loamy,7.16,127.89,43.03,130.15,1.16,25.12,779.5,29.03,10,Potash,114.58,Pre-harvest
Rice,Karnataka,Sandy,6.05,168.89,32.98,127.64,1.45,23.0,1398.69,27.76,4,DAP,187.07,Before sowing
Maize,Gujarat,Clay,6.93,107.96,28.01,132.04,0.92,20.99,439.31,23.41,17,Urea,172.55,Before sowing
Rice,Gujarat,Clay,6.12,177.26,31.33,126.37,1.64,24.95,1068.65,29.42,9,Compost,132.01,Mid growth
Groundnut,Maharashtra,Peaty,6.86,132.65,39.94,102.5,1.03,39.57,708.56,26.9,15,Compost,103.2,After sowing
Maize,Tamil Nadu,Loamy,6.97,124.04,46.89,99.11,0.86,33.52,508.6,21.32,16,Potash,144.32,Mid growth
Wheat,Maharashtra,Sandy,7.4,116.27,26.87,107.92,1.15,33.19,576.99,28.91,18,Urea,166.02,Mid growth
Potato,Gujarat,Loamy,6.74,171.66,56.69,118.38,1.68,38.63,868.13,26.31,6,Compost,142.18,Mid growth
Maize,Karnataka,Silty,5.85,102.91,33.33,101.92,1.18,32.41,506.97,23.36,18,Urea,94.36,Mid growth
Potato,Maharashtra,Sandy,6.72,131.19,42.0,130.08,1.49,27.18,959.77,20.56,6,Mixed,119.71,Mid growth
Wheat,Gujarat,Peaty,6.26,150.13,32.31,101.95,1.13,27.0,737.77,24.02,12,Mixed,146.4,After sowing
Millet,Gujarat,Peaty,5.91,106.15,43.04,102.05,1.25,26.22,688.81,20.67,9,Urea,158.05,Mid growth
Soybean,Tamil Nadu,Loamy,6.38,151.77,51.35,93.04,1.1,32.93,735.78,31.9,19,Potash,87.33,Pre-harvest
Rice,Karnataka,Peaty,6.49,139.56,44.36,133.91,1.32,34.64,1228.9,32.72,18,DAP,196.5,Mid growth
Wheat,Gujarat,Loamy,7.2,105.74,40.65,116.21,1.04,21.14,556.37,25.94,13,Urea,131.35,Mid growth
Cotton,Karnataka,Peaty,6.45,123.47,35.41,126.17,1.1,26.13,589.64,27.52,12,Compost,139.05,After sowing
Cotton,Gujarat,Silty,6.67,145.25,36.64,129.66,1.04,25.81,795.32,27.63,11,Compost,154.33,Mid growth
Millet,Tamil Nadu,Clay,6.68,131.66,42.98,88.29,1.34,26.98,670.59,20.28,19,Potash,128.28,Pre-harvest
Sugarcane,Karnataka,Peaty,7.1,138.76,47.11,111.22,1.16,22.19,1060.3,28.69,12,Compost,156.9,Mid growth
Wheat,Maharashtra,Loamy,6.26,137.88,45.88,139.06,1.02,24.23,510.59,23.82,9,Urea,124.42,Before sowing
Potato,Maharashtra,Peaty,5.8,141.07,55.01,130.35,1.32,28.32,662.29,25.14,15,DAP,162.06,After sowing
Rice,Tamil Nadu,Loamy,6.03,176.47,30.58,103.65,1.04,34.08,1103.83,31.1,8,Potash,177.62,Mid growth
Sugarcane,Tamil Nadu,Sandy,7.37,128.97,58.47,100.01,1.56,21.63,1074.14,28.23,6,Compost,178.41,After sowing
Tomato,Gujarat,Silty,7.17,147.24,43.61,123.27,1.48,35.67,991.68,25.93,11,Mixed,187.67,After sowing
Sugarcane,Andhra Pradesh,Loamy,6.92,147.29,38.78,147.23,1.03,34.82,880.19,29.07,18,Potash,163.48,After sowing
Potato,Tamil Nadu,Silty,5.96,156.61,56.97,112.2,1.21,20.79,697.53,23.47,6,Compost,197.51,Pre-harvest
Millet,Maharashtra,Silty,7.38,146.51,36.37,121.72,0.96,33.46,464.28,20.87,11,DAP,115.76,Pre-harvest
Groundnut,Karnataka,Loamy,6.83,121.8,49.6,138.52,1.56,20.66,874.52,25.25,20,Compost,130.93,Mid growth
Millet,Karnataka,Peaty,7.37,111.26,34.18,118.29,0.98,34.27,468.22,28.07,7,Urea,114.0,Mid growth
Maize,Gujarat,Sandy,6.34,126.33,49.13,87.03,0.92,26.36,567.3,27.38,17,Potash,161.9,After sowing
Maize,Karnataka,Silty,6.56,111.42,45.44,101.94,1.32,34.04,756.9,20.95,17,Urea,126.23,Before sowing
Groundnut,Maharashtra,Silty,6.62,154.76,41.85,107.54,1.43,36.14,563.01,29.04,15,Urea,141.95,Before sowing
Soybean,Gujarat,Sandy,6.67,159.57,35.1,129.27,1.51,24.13,719.84,24.26,19,Compost,140.33,Before sowing
Potato,Andhra Pradesh,Loamy,6.11,161.28,57.8,123.28,1.46,27.22,644.6,26.17,14,Urea,138.16,Mid growth
Millet,Maharashtra,Loamy,7.29,131.16,39.76,130.08,0.94,38.36,521.64,29.67,17,Compost,92.29,Before sowing
Soybean,Maharashtra,Clay,7.1,159.39,42.21,128.35,1.11,34.17,531.92,32.81,7,Urea,161.72,Mid growth
Soybean,Andhra Pradesh,Clay,7.11,141.5,43.96,142.92,1.59,27.11,849.98,24.06,20,Compost,194.37,Pre-harvest
Soybean,Tamil Nadu,Peaty,6.75,114.65,53.67,139.85,1.12,26.32,513.11,26.62,18,Urea,145.26,Before sowing
Maize,Gujarat,Silty,6.56,148.56,27.87,105.53,0.85,37.63,640.26,21.78,13,DAP,190.8,After sowing
Rice,Andhra Pradesh,Peaty,5.92,125.03,58.0,110.17,1.67,32.06,1016.81,33.86,10,Compost,117.15,After sowing
Millet,Andhra Pradesh,Loamy,6.4,148.32,42.24,102.2,0.83,29.09,445.04,21.71,20,DAP,141.92,Pre-harvest
Potato,Tamil Nadu,Loamy,5.94,185.19,43.22,130.46,1.37,39.73,925.58,27.14,18,Potash,151.1,Mid growth
Cotton,Maharashtra,Loamy,6.75,161.79,33.31,139.75,1.18,37.19,507.69,29.4,8,Mixed,122.84,Mid growth
Cotton,Maharashtra,Loamy,5.81,162.57,46.64,92.13,1.33,38.4,794.08,26.68,5,Potash,126.6,After sowing
Wheat,Tamil Nadu,Silty,7.21,130.53,48.32,96.03,1.49,23.58,591.0,21.72,6,Potash,118.02,Before sowing
Soybean,Maharashtra,Sandy,5.82,133.9,52.06,147.8,1.19,34.42,739.81,27.31,17,Potash,90.71,After sowing
Groundnut,Andhra Pradesh,Loamy,7.07,149.1,34.5,111.51,1.11,34.2,676.73,28.11,19,Potash,93.81,Mid growth
Wheat,Gujarat,Clay,6.9,114.42,35.7,94.32,0.93,28.93,589.78,26.1,14,Urea,179.67,Before sowing
Millet,Tamil Nadu,Loamy,7.36,120.47,40.22,101.81,1.47,20.67,429.94,20.49,8,Potash,145.32,Pre-harvest
Sugarcane,Andhra Pradesh,Clay,7.09,138.78,55.49,106.16,1.11,21.64,1254.51,25.37,13,Urea,161.44,Mid growth
Rice,Tamil Nadu,Clay,7.29,156.68,47.22,136.46,1.13,30.22,1035.9,33.43,9,DAP,83.98,Before sowing
Wheat,Maharashtra,Clay,5.88,111.1,40.37,118.74,1.11,20.24,599.94,27.06,17,Urea,131.3,Pre-harvest
Soybean,Karnataka,Sandy,7.49,144.26,40.6,123.36,1.5,27.18,628.29,27.64,17,DAP,84.45,After sowing
Wheat,Tamil Nadu,Loamy,7.41,151.23,29.43,137.66,1.12,37.35,529.13,24.08,5,DAP,174.14,After sowing
Tomato,Karnataka,Sandy,7.04,139.17,58.63,143.65,1.67,22.75,744.07,18.98,11,Compost,100.36,Pre-harvest
Cotton,Gujarat,Loamy,6.75,128.46,45.28,139.5,1.23,28.82,762.7,28.1,15,Potash,160.62,Before sowing
Wheat,Maharashtra,Peaty,7.0,155.43,25.04,107.12,0.99,24.12,407.9,29.8,17,DAP,140.62,Mid growth
Tomato,Karnataka,Silty,6.77,166.88,38.76,133.3,1.24,26.7,729.48,26.09,9,Potash,123.99,Pre-harvest
Maize,Maharashtra,Peaty,6.49,101.94,31.95,92.33,1.43,32.08,788.49,27.69,4,Urea,159.82,Pre-harvest
Cotton,Karnataka,Peaty,6.95,117.79,45.92,149.56,1.13,23.46,783.84,26.94,8,Urea,114.59,Before sowing
Millet,Gujarat,Peaty,6.14,128.71,40.61,125.64,1.15,20.8,716.69,27.7,14,Urea,148.74,Before sowing
Groundnut,Tamil Nadu,Sandy,5.81,128.35,43.48,146.14,1.32,36.05,803.39,25.02,9,DAP,158.45,Before sowing
Millet,Maharashtra,Loamy,6.65,152.37,35.2,93.19,0.89,37.68,720.78,24.18,14,Potash,159.14,After sowing
Potato,Gujarat,Peaty,6.44,158.47,59.09,126.88,1.44,32.38,975.16,19.36,18,DAP,155.98,Before sowing
Soybean,Tamil Nadu,Loamy,7.01,163.0,33.8,95.12,1.31,21.86,706.09,26.24,13,Potash,94.78,Pre-harvest
Millet,Tamil Nadu,Peaty,7.04,107.2,27.69,106.98,1.44,34.02,780.8,28.86,10,Urea,99.16,After sowing
Potato,Andhra Pradesh,Clay,6.62,185.51,56.27,155.05,1.6,25.07,751.49,18.7,4,Compost,182.92,Mid growth
Sugarcane,Andhra Pradesh,Peaty,6.63,137.79,46.37,139.64,1.61,23.78,980.49,33.69,17,Compost,196.43,Before sowing
Rice,Tamil Nadu,Loamy,6.77,144.6,59.62,140.87,1.34,35.86,1248.26,27.22,10,Potash,80.78,Pre-harvest
Potato,Andhra Pradesh,Sandy,7.1,131.07,48.74,111.82,1.59,36.3,792.83,24.92,20,Compost,175.15,Mid growth
Maize,Andhra Pradesh,Silty,6.4,149.81,42.66,87.47,1.31,21.24,552.83,24.06,5,Potash,175.94,After sowing
Soybean,Gujarat,Sandy,6.83,152.0,53.44,101.52,1.54,21.69,659.71,25.24,14,Compost,167.38,Mid growth
Millet,Tamil Nadu,Sandy,6.74,158.4,28.8,101.26,1.37,23.52,587.68,29.64,12,DAP,174.3,Before sowing
Millet,Gujarat,Loamy,6.99,133.37,48.09,93.85,1.17,38.6,759.62,22.62,6,Potash,189.58,Mid growth
Tomato,Karnataka,Sandy,7.38,162.2,58.93,146.42,1.34,36.5,767.18,27.28,10,Potash,187.29,Before sowing
Soybean,Karnataka,Clay,6.27,156.69,42.52,102.98,1.31,20.55,593.04,27.2,12,Potash,124.13,Pre-harvest
Cotton,Karnataka,Silty,5.84,123.96,40.48,138.08,1.56,24.52,756.45,26.29,5,Compost,174.8,Mid growth
Potato,Tamil Nadu,Silty,7.45,174.89,63.94,135.94,1.38,21.33,725.93,22.03,20,Potash,174.37,Mid growth
Rice,Gujarat,Silty,6.97,139.13,45.84,141.99,1.04,21.14,1169.43,28.17,12,Mixed,92.87,Before sowing
Rice,Maharashtra,Loamy,6.25,168.69,44.57,104.9,1.67,23.7,1367.01,29.52,12,Compost,199.33,After sowing
Wheat,Maharashtra,Loamy,6.63,145.18,44.3,103.28,0.96,20.2,625.75,20.3,9,DAP,173.23,Mid growth
Potato,Andhra Pradesh,Silty,6.97,160.88,55.57,114.25,1.56,26.8,648.87,18.91,4,Compost,152.6,Mid growth
Wheat,Karnataka,Peaty,6.97,122.27,41.72,104.69,1.45,31.68,632.69,29.77,11,Potash,127.5,After sowing
Rice,Tamil Nadu,Clay,6.51,175.65,51.18,146.34,1.77,37.44,1207.11,31.44,11,Compost,96.93,After sowing
Wheat,Maharashtra,Silty,6.31,144.33,45.42,94.99,1.23,28.94,555.34,27.68,11,Potash,161.21,Pre-harvest
Tomato,Gujarat,Silty,6.69,189.27,47.36,151.39,1.45,34.27,759.48,27.21,11,Mixed,149.96,Pre-harvest
Wheat,Tamil Nadu,Sandy,6.31,146.54,48.59,128.92,0.97,35.07,588.01,23.03,17,Potash,195.06,Pre-harvest
Maize,Maharashtra,Silty,6.89,159.18,32.3,127.1,1.08,21.68,431.71,26.53,17,DAP,111.83,Before sowing
Sugarcane,Karnataka,Silty,5.88,137.32,58.99,126.05,1.65,34.81,882.06,26.3,11,Compost,88.18,Mid growth
Wheat,Gujarat,Sandy,6.36,146.84,49.66,127.56,1.21,22.38,799.45,21.55,6,DAP,170.97,Pre-harvest
Millet,Andhra Pradesh,Silty,5.84,107.77,28.4,128.11,1.03,39.03,790.42,26.35,8,Urea,136.11,Pre-harvest
Potato,Karnataka,Peaty,6.12,135.02,58.16,159.4,1.58,36.99,883.66,27.69,8,Compost,177.63,Pre-harvest
Millet,Andhra Pradesh,Sandy,6.79,152.76,45.49,133.23,1.17,35.85,442.07,28.48,20,Mixed,88.45,After sowing
Tomato,Tamil Nadu,Loamy,6.47,145.32,58.91,134.11,1.38,29.98,851.49,27.24,8,Mixed,133.43,Pre-harvest
Soybean,Tamil Nadu,Loamy,6.8,154.91,36.65,118.86,1.35,31.2,652.67,29.91,9,Urea,129.72,Mid growth
Rice,Gujarat,Silty,6.9,121.05,43.28,157.4,1.27,35.01,1481.54,30.31,10,Urea,183.49,After sowing
Wheat,Andhra Pradesh,Sandy,6.63,155.24,38.24,96.07,1.08,29.48,447.02,27.88,16,Potash,155.11,Mid growth
Wheat,Maharashtra,Peaty,6.84,109.99,34.9,138.2,1.21,24.78,770.18,21.61,20,Urea,84.61,Before sowing
Cotton,Andhra Pradesh,Peaty,6.76,113.46,53.69,147.89,1.58,24.95,850.21,25.27,18,Urea,173.51,Mid growth
Sugarcane,Maharashtra,Clay,7.07,156.6,31.51,111.98,1.4,36.05,862.97,34.93,10,Compost,162.01,Before sowing
Cotton,Maharashtra,Sandy,7.14,137.6,45.3,129.06,1.05,29.72,742.85,28.54,15,DAP,172.14,Before sowing
Groundnut,Karnataka,Silty,7.05,117.27,51.12,121.92,1.59,34.87,593.19,32.65,17,Urea,151.96,Mid growth
Tomato,Maharashtra,Peaty,6.47,151.21,49.17,158.78,1.59,22.08,804.83,24.33,12,Compost,82.91,Pre-harvest
Rice,Tamil Nadu,Sandy,7.12,176.98,36.35,158.96,1.46,30.51,1285.44,30.24,9,DAP,81.03,After sowing
Sugarcane,Andhra Pradesh,Sandy,7.36,170.55,30.91,117.25,1.33,38.86,960.12,26.26,15,DAP,80.58,After sowing
Maize,Karnataka,Sandy,6.73,158.25,30.67,84.46,1.5,31.92,441.28,23.13,9,Potash,140.4,After sowing
Sugarcane,Tamil Nadu,Sandy,6.94,125.78,37.4,108.17,1.24,26.95,904.7,34.29,5,Potash,153.49,Before sowing
Maize,Maharashtra,Peaty,6.34,148.1,32.19,84.33,1.12,36.43,748.67,24.55,7,Potash,189.06,After sowing
Potato,Maharashtra,Sandy,7.41,146.56,39.78,113.35,1.73,24.52,739.96,21.57,18,Compost,194.96,Before sowing
Soybean,Gujarat,Peaty,6.29,154.35,33.59,100.14,1.58,30.31,720.29,31.94,10,Compost,88.63,Before sowing
Maize,Gujarat,Loamy,6.48,149.15,43.93,95.28,0.9,35.77,589.49,21.24,4,Potash,109.57,Pre-harvest
Rice,Tamil Nadu,Sandy,6.8,140.28,30.08,153.14,1.3,20.45,977.03,27.4,7,Urea,132.91,Mid growth
Rice,Maharashtra,Sandy,6.25,159.28,44.94,137.02,1.42,25.69,1323.62,33.8,9,DAP,124.05,After sowing
Millet,Karnataka,Loamy,6.18,124.17,43.37,127.38,1.41,29.96,520.16,20.48,19,Urea,98.34,Pre-harvest
Tomato,Maharashtra,Peaty,7.34,186.17,58.3,131.96,1.54,20.76,847.67,19.21,16,Compost,164.85,After sowing
Sugarcane,Andhra Pradesh,Peaty,6.44,122.99,40.33,134.97,1.04,25.44,1357.47,30.05,18,Compost,170.71,Before sowing
Potato,Karnataka,Silty,5.81,157.47,44.14,118.62,1.45,27.13,713.41,27.02,9,Mixed,109.56,Pre-harvest
Tomato,Maharashtra,Peaty,6.23,147.88,44.32,124.75,1.64,20.32,757.43,26.28,9,Compost,141.41,After sowing
Millet,Karnataka,Loamy,7.16,120.14,33.79,137.98,1.4,22.96,632.85,26.75,18,Mixed,128.91,After sowing
Maize,Gujarat,Clay,6.41,138.9,34.19,108.44,1.22,20.38,644.56,23.58,14,Potash,134.9,Pre-harvest
Groundnut,Maharashtra,Silty,6.17,168.7,31.88,105.53,1.39,32.85,530.71,27.91,7,Compost,193.69,After sowing
Tomato,Gujarat,Sandy,6.78,156.64,42.01,125.33,1.46,25.43,800.02,20.63,4,Compost,94.14,Before sowing
Rice,Karnataka,Peaty,6.01,145.93,30.92,107.68,1.2,36.69,1076.49,34.79,16,Compost,92.06,Pre-harvest
Wheat,Tamil Nadu,Peaty,6.0,144.29,43.3,123.53,1.43,21.89,495.88,24.35,9,DAP,134.35,Before sowing
Sugarcane,Andhra Pradesh,Sandy,5.83,153.38,52.02,116.73,1.09,36.42,1067.88,34.9,11,Potash,80.49,Pre-harvest
Rice,Maharashtra,Peaty,7.25,131.57,33.06,116.4,1.21,24.99,834.11,25.21,5,Compost,169.43,After sowing
Soybean,Andhra Pradesh,Silty,7.32,160.53,31.88,130.25,1.09,27.87,854.85,26.03,10,Potash,86.66,After sowing
Wheat,Tamil Nadu,Clay,7.39,134.78,48.97,124.19,1.35,22.66,743.07,26.08,15,Urea,90.99,Mid growth
Sugarcane,Andhra Pradesh,Sandy,7.18,122.53,56.48,155.31,1.57,23.77,1232.44,28.37,20,Compost,98.83,After sowing
Wheat,Maharashtra,Clay,5.83,140.0,47.56,119.13,0.83,28.06,556.44,22.36,8,Compost,138.93,Before sowing
Soybean,Karnataka,Loamy,6.89,136.44,52.4,136.81,1.25,38.23,539.57,28.02,6,Potash,110.0,Before sowing
Millet,Karnataka,Silty,6.1,121.2,40.33,97.35,1.12,33.14,558.73,26.02,18,Potash,133.91,Pre-harvest
Soybean,Gujarat,Sandy,6.49,151.84,42.0,119.1,1.57,32.54,738.76,30.65,16,Compost,133.05,Pre-harvest
Potato,Gujarat,Silty,6.02,156.19,54.61,145.57,1.69,38.89,952.97,24.82,14,Compost,122.86,Mid growth
Cotton,Tamil Nadu,Sandy,6.68,123.21,53.1,147.31,1.27,37.99,789.04,27.24,12,Potash,110.27,Pre-harvest
Sugarcane,Andhra Pradesh,Sandy,6.39,175.54,42.95,142.58,1.28,34.86,1234.95,32.69,12,Compost,105.91,After sowing
Sugarcane,Tamil Nadu,Loamy,5.98,120.66,31.04,137.14,1.48,28.73,1002.08,28.92,16,DAP,147.47,Mid growth
Potato,Karnataka,Peaty,7.35,146.1,50.78,118.2,1.39,22.19,920.55,22.04,12,Potash,82.64,Mid growth
Wheat,Maharashtra,Silty,6.39,157.49,44.85,95.75,1.18,26.37,430.36,24.65,11,Potash,189.34,After sowing
Millet,Gujarat,Silty,6.65,154.71,48.08,99.88,0.86,39.54,769.62,21.27,12,Potash,176.13,Before sowing
Cotton,Karnataka,Peaty,7.18,126.06,52.98,134.64,1.34,37.75,672.39,26.37,10,Potash,185.05,After sowing
Sugarcane,Karnataka,Clay,7.03,161.05,39.75,129.77,1.29,23.95,1131.13,29.28,6,Mixed,114.79,Before sowing
Wheat,Andhra Pradesh,Sandy,7.17,104.01,33.28,101.22,1.26,31.29,788.5,20.2,15,Urea,88.57,Mid growth
Maize,Tamil Nadu,Sandy,6.18,129.16,36.69,83.85,1.47,35.95,481.07,20.5,13,Potash,187.7,Pre-harvest
Rice,Karnataka,Peaty,7.4,176.64,32.8,155.61,1.15,36.59,1169.46,29.2,11,DAP,183.98,After sowing
Wheat,Tamil Nadu,Sandy,6.41,114.57,40.56,91.57,1.3,24.91,582.61,23.65,19,Urea,103.9,Before sowing
Millet,Maharashtra,Silty,6.37,144.17,39.77,130.62,1.03,33.85,484.01,26.19,10,DAP,151.38,Pre-harvest
Maize,Tamil Nadu,Silty,6.98,127.86,43.34,112.36,1.47,29.07,772.07,24.46,6,Compost,180.74,After sowing
Cotton,Karnataka,Peaty,6.29,121.79,54.51,96.7,1.24,26.55,680.32,24.01,8,Potash,85.44,After sowing
Millet,Tamil Nadu,Loamy,7.12,103.91,36.84,107.88,0.88,35.84,455.31,23.04,20,Urea,184.32,Pre-harvest
Tomato,Andhra Pradesh,Sandy,6.16,151.47,55.46,132.85,1.3,39.55,624.0,24.85,11,Compost,132.98,Pre-harvest
Potato,Tamil Nadu,Peaty,7.42,137.76,51.93,156.46,1.64,22.35,738.02,26.34,4,Compost,89.77,After sowing
Tomato,Karnataka,Silty,6.08,183.18,62.03,147.57,1.55,29.7,691.05,19.62,19,Compost,176.4,Before sowing
Maize,Tamil Nadu,Clay,6.34,139.96,42.19,80.1,0.84,32.96,683.64,27.04,13,Potash,144.44,Mid growth
Soybean,Maharashtra,Silty,5.88,154.7,30.52,103.02,1.12,37.73,605.78,31.06,19,Urea,142.54,Before sowing
Soybean,Tamil Nadu,Peaty,7.36,116.02,48.05,130.11,1.44,35.42,623.2,30.14,9,Urea,119.37,Before sowing
Tomato,Maharashtra,Sandy,6.64,187.74,36.59,153.14,1.26,25.04,799.08,20.2,14,Compost,160.54,Mid growth
Millet,Tamil Nadu,Peaty,6.08,146.55,35.93,132.87,1.22,38.62,441.5,27.29,14,Mixed,96.04,Pre-harvest
Cotton,Gujarat,Clay,6.35,110.55,43.15,93.74,1.31,33.66,528.95,31.12,12,Urea,101.62,Pre-harvest
Sugarcane,Gujarat,Peaty,7.11,178.31,45.69,131.53,1.08,26.01,934.46,27.93,12,DAP,173.23,Mid growth
Sugarcane,Maharashtra,Sandy,7.23,162.95,44.41,136.55,1.1,23.73,1068.59,32.6,14,Urea,146.22,After sowing
Soybean,Tamil Nadu,Loamy,7.46,160.78,41.86,101.88,1.14,37.86,710.04,31.29,7,Potash,125.42,Pre-harvest
Sugarcane,Gujarat,Peaty,6.49,172.06,58.61,148.77,1.06,36.89,954.63,33.14,20,Compost,96.78,Mid growth
Tomato,Tamil Nadu,Loamy,6.47,162.14,36.39,118.13,1.74,23.23,635.54,24.42,5,Compost,197.61,Pre-harvest
Soybean,Gujarat,Clay,6.21,148.54,32.98,98.89,1.48,24.49,857.52,29.3,8,Potash,182.31,Mid growth
Potato,Andhra Pradesh,Clay,6.25,137.83,48.15,113.46,1.49,36.91,971.02,25.54,16,Mixed,188.88,Before sowing
Rice,Karnataka,Clay,7.33,120.09,46.72,159.96,1.06,31.46,1207.4,31.79,13,DAP,81.73,Before sowing
Maize,Gujarat,Loamy,6.35,138.54,44.92,110.05,0.98,21.33,796.53,29.41,5,Potash,198.69,Before sowing
Groundnut,Gujarat,Sandy,7.16,114.78,40.65,106.05,1.42,28.58,752.62,30.26,16,Urea,126.32,Before sowing
Sugarcane,Andhra Pradesh,Silty,7.1,161.66,52.23,120.15,1.19,32.65,1104.8,25.43,14,DAP,187.46,Before sowing
Soybean,Tamil Nadu,Loamy,6.76,155.47,37.85,148.75,1.03,26.78,618.94,24.35,16,Compost,184.08,Before sowing
Tomato,Andhra Pradesh,Sandy,6.32,183.53,55.13,155.65,1.21,29.08,814.65,20.29,17,Mixed,94.71,Before sowing
Potato,Gujarat,Peaty,6.52,140.07,49.53,112.51,1.79,35.49,860.22,25.13,12,Compost,180.09,Before sowing
Soybean,Karnataka,Loamy,6.16,116.57,42.3,113.74,1.21,21.52,651.13,24.36,15,Urea,160.04,After sowing
Potato,Karnataka,Clay,6.92,163.66,40.32,150.35,1.22,24.37,942.76,22.1,11,DAP,143.13,Before sowing
Sugarcane,Karnataka,Silty,7.25,176.8,52.17,138.15,1.32,36.4,1004.96,33.28,9,Urea,147.7,After sowing
Rice,Gujarat,Clay,7.47,179.31,49.91,131.72,1.55,23.03,1278.13,25.23,5,Compost,121.66,After sowing
Cotton,Tamil Nadu,Peaty,6.07,112.49,30.13,98.22,1.04,29.75,850.9,26.69,5,Urea,163.51,Pre-harvest
Maize,Karnataka,Peaty,6.41,130.94,43.46,89.11,1.43,25.64,676.98,23.4,13,Potash,101.76,Pre-harvest
Sugarcane,Andhra Pradesh,Loamy,6.13,167.63,42.26,121.64,1.28,31.36,1182.08,29.3,10,Potash,123.07,After sowing
Groundnut,Andhra Pradesh,Clay,6.65,162.29,37.69,140.98,1.47,21.09,693.88,29.75,16,Compost,179.89,Pre-harvest
Potato,Tamil Nadu,Silty,6.96,177.21,44.65,116.17,1.22,20.34,636.48,19.84,13,Mixed,107.55,Pre-harvest
Rice,Gujarat,Silty,6.56,145.08,52.18,102.16,1.54,39.05,1395.1,31.52,14,Compost,114.19,After sowing
Sugarcane,Maharashtra,Peaty,7.37,166.23,32.39,149.86,1.47,33.43,1173.81,25.94,15,Urea,186.14,Pre-harvest
Potato,Tamil Nadu,Peaty,6.23,130.86,63.07,145.2,1.57,20.09,797.36,18.77,13,Compost,195.25,After sowing
Potato,Tamil Nadu,Loamy,6.44,136.16,64.24,131.6,1.53,21.78,733.3,22.15,10,Compost,181.12,Pre-harvest
Sugarcane,Gujarat,Clay,7.04,130.59,41.71,136.4,1.41,37.17,859.37,29.53,7,Potash,199.18,Before sowing
Tomato,Maharashtra,Silty,6.08,186.54,37.69,113.3,1.75,38.67,936.22,21.86,7,Compost,132.54,Mid growth
Tomato,Andhra Pradesh,Clay,5.87,135.44,46.09,114.74,1.24,25.96,609.83,21.73,5,Potash,195.48,Mid growth
Cotton,Gujarat,Silty,6.1,144.07,38.48,103.49,1.05,20.63,849.82,25.84,4,Compost,187.78,After sowing
Potato,Maharashtra,Clay,6.64,142.11,53.93,155.07,1.77,36.73,879.4,27.69,5,Compost,106.7,Pre-harvest
Maize,Maharashtra,Sandy,7.43,117.07,34.8,125.82,1.24,31.85,640.7,20.73,10,Urea,131.33,Pre-harvest
Cotton,Maharashtra,Sandy,6.38,128.93,31.81,99.18,1.01,23.91,644.48,32.8,19,Potash,142.19,Before sowing
Cotton,Karnataka,Clay,6.28,128.38,31.7,117.26,1.46,34.59,830.44,25.36,8,DAP,108.36,After sowing
Cotton,Andhra Pradesh,Clay,6.28,156.57,38.2,137.49,1.44,36.52,874.94,32.86,4,Urea,126.96,Pre-harvest
Potato,Karnataka,Clay,6.2,179.24,56.7,144.01,1.34,27.35,611.73,19.8,8,Urea,85.08,Before sowing
Rice,Andhra Pradesh,Clay,6.23,150.58,55.02,158.46,1.67,30.79,1027.84,26.15,18,Compost,125.99,Pre-harvest
Millet,Maharashtra,Silty,7.43,107.44,35.03,124.71,0.9,38.64,737.01,21.75,7,Urea,97.59,Pre-harvest
Millet,Gujarat,Sandy,6.38,124.42,43.88,130.42,1.46,21.11,564.19,28.31,7,Compost,86.6,Mid growth
Groundnut,Andhra Pradesh,Peaty,6.53,144.73,31.26,100.59,1.04,30.52,799.93,26.98,11,DAP,158.91,Mid growth
Groundnut,Andhra Pradesh,Sandy,6.21,145.32,38.33,144.47,1.19,34.63,597.33,32.48,12,DAP,133.31,Mid growth
Rice,Karnataka,Silty,7.21,147.81,56.8,144.84,1.15,27.31,923.01,34.15,10,Urea,99.72,Before sowing
Wheat,Tamil Nadu,Silty,6.2,149.55,39.1,129.61,1.47,34.14,443.47,26.56,12,Compost,124.46,Pre-harvest
Soybean,Andhra Pradesh,Peaty,7.43,113.8,30.21,110.14,1.09,23.99,824.5,26.84,13,Urea,133.36,Pre-harvest
Maize,Gujarat,Peaty,7.46,104.67,38.79,116.02,1.45,39.45,777.33,23.85,8,Urea,188.01,Mid growth
Soybean,Andhra Pradesh,Clay,6.36,117.83,33.45,93.51,1.29,35.3,510.86,24.22,5,Urea,136.95,Before sowing
Groundnut,Tamil Nadu,Sandy,6.0,163.22,43.73,115.62,1.03,35.68,503.74,28.22,12,Potash,154.88,Before sowing
Wheat,Karnataka,Clay,6.77,147.26,32.2,82.58,1.06,20.11,747.02,29.67,6,Potash,194.87,Mid growth
Potato,Gujarat,Sandy,7.29,178.26,60.09,134.23,1.24,39.61,667.32,18.3,13,Urea,115.99,Before sowing
Soybean,Andhra Pradesh,Loamy,6.37,127.59,43.86,93.34,1.58,27.35,816.65,29.47,7,Potash,93.64,Mid growth
Soybean,Tamil Nadu,Silty,6.85,111.56,37.75,90.94,1.3,38.75,719.12,24.39,20,Urea,167.01,Mid growth
Rice,Gujarat,Clay,6.39,134.94,37.23,151.07,1.3,20.47,959.36,26.47,10,DAP,165.04,Mid growth
Groundnut,Karnataka,Loamy,5.99,134.33,34.56,109.22,1.59,20.37,756.11,25.17,18,Compost,105.7,Mid growth
Cotton,Gujarat,Clay,7.3,147.86,36.24,100.6,1.36,27.84,727.82,30.93,18,Mixed,127.15,Pre-harvest
Tomato,Andhra Pradesh,Silty,6.32,168.24,54.34,116.97,1.69,38.93,924.59,27.36,8,Compost,145.19,After sowing
Potato,Andhra Pradesh,Clay,6.3,144.32,35.33,128.71,1.3,34.02,720.98,21.04,9,Urea,96.63,After sowing
Groundnut,Gujarat,Peaty,5.96,165.95,32.38,106.07,1.59,28.86,772.15,29.65,20,Compost,193.38,After sowing
Millet,Gujarat,Clay,7.18,124.13,25.35,95.19,1.29,26.69,470.45,26.32,9,DAP,190.89,Pre-harvest
Soybean,Karnataka,Clay,7.08,163.5,53.05,90.43,1.37,32.41,630.08,24.5,10,Potash,107.15,Mid growth
Potato,Tamil Nadu,Clay,6.35,168.13,60.19,121.33,1.38,30.9,630.6,18.38,12,Mixed,141.89,Before sowing
Millet,Maharashtra,Clay,7.43,117.57,45.26,82.11,0.96,32.98,750.7,27.06,13,Urea,80.82,After sowing
Millet,Karnataka,Sandy,6.64,112.19,41.39,139.2,1.25,33.85,413.03,27.16,6,Urea,105.27,Mid growth
Millet,Maharashtra,Silty,6.93,155.51,38.47,86.1,1.42,33.98,503.05,27.04,8,Potash,141.46,Before sowing
Groundnut,Tamil Nadu,Peaty,6.97,123.44,35.99,96.66,1.12,31.42,592.3,24.06,16,Potash,85.24,Pre-harvest
Millet,Gujarat,Sandy,6.45,154.09,29.42,82.27,1.0,30.45,443.71,22.54,11,DAP,196.78,Before sowing
Sugarcane,Maharashtra,Loamy,7.44,178.75,44.25,104.05,1.47,20.1,1496.54,29.16,20,Urea,187.97,Before sowing
Groundnut,Tamil Nadu,Sandy,6.14,167.13,37.27,103.39,1.45,22.47,624.83,28.13,15,Potash,171.27,Pre-harvest
Soybean,Gujarat,Loamy,6.93,114.02,54.17,130.98,1.1,30.09,734.12,24.22,15,Urea,196.0,Mid growth
Rice,Andhra Pradesh,Clay,6.39,136.71,56.39,151.23,1.33,34.88,937.2,28.94,19,Urea,100.43,Pre-harvest
Maize,Maharashtra,Sandy,7.24,156.93,38.22,99.09,1.47,22.61,795.8,29.84,19,Potash,184.6,Mid growth
Potato,Tamil Nadu,Silty,5.87,167.76,44.7,112.63,1.72,20.83,695.72,22.46,5,Compost,186.54,After sowing
Cotton,Andhra Pradesh,Clay,6.65,129.36,36.18,118.93,1.03,34.41,828.21,29.64,9,DAP,155.42,Mid growth
Potato,Karnataka,Sandy,6.91,154.55,39.93,130.04,1.28,21.51,825.46,21.68,16,Mixed,143.68,Before sowing
Cotton,Tamil Nadu,Sandy,5.88,157.79,46.46,92.04,1.46,32.44,540.44,27.15,18,Potash,93.19,Pre-harvest
Wheat,Tamil Nadu,Loamy,5.8,131.27,47.97,116.42,0.87,30.51,482.3,23.47,5,DAP,117.07,After sowing
Millet,Andhra Pradesh,Peaty,7.0,150.17,45.48,139.62,1.07,29.23,482.87,24.56,12,Potash,154.58,After sowing
Rice,Gujarat,Peaty,6.9,123.16,37.83,149.51,1.21,37.18,1432.1,32.93,9,Urea,185.04,After sowing
Tomato,Karnataka,Clay,7.0,189.74,42.68,121.8,1.66,23.42,802.49,26.6,15,Compost,95.61,Pre-harvest
Groundnut,Maharashtra,Clay,6.08,113.0,47.44,106.23,1.1,29.31,667.77,28.41,19,Urea,154.73,Mid growth
Maize,Gujarat,Peaty,7.13,147.77,31.37,112.77,1.46,24.95,560.12,21.49,4,Mixed,80.25,Pre-harvest
Soybean,Karnataka,Silty,7.37,143.84,48.59,120.11,1.45,39.76,664.65,27.26,18,Compost,153.5,Pre-harvest
Potato,Karnataka,Loamy,7.27,164.05,39.38,135.58,1.65,27.01,755.95,24.56,9,Compost,192.39,After sowing
Groundnut,Karnataka,Silty,7.0,169.77,51.28,140.64,1.1,39.52,861.28,29.12,18,Compost,112.96,Pre-harvest
Sugarcane,Andhra Pradesh,Loamy,7.3,125.43,51.7,150.19,1.26,28.94,1462.19,25.82,16,DAP,147.7,After sowing
Tomato,Maharashtra,Clay,6.7,155.44,54.55,133.96,1.39,39.86,740.42,22.26,8,DAP,104.41,Pre-harvest
Potato,Gujarat,Sandy,6.15,159.9,43.95,155.86,1.55,20.93,870.11,18.19,11,Compost,151.08,After sowing
Millet,Gujarat,Loamy,5.98,101.25,43.95,138.11,1.47,25.09,649.73,24.99,20,Urea,129.01,Pre-harvest
Potato,Karnataka,Clay,6.18,167.17,60.13,144.32,1.21,26.57,685.86,27.67,5,Mixed,115.62,Before sowing
Groundnut,Maharashtra,Sandy,7.44,113.6,50.41,126.06,1.2,38.26,662.6,28.7,20,Urea,185.2,Before sowing
Soybean,Tamil Nadu,Clay,6.11,113.23,30.24,97.68,1.56,37.55,883.34,32.72,20,Urea,117.03,Before sowing
Potato,Andhra Pradesh,Silty,6.11,157.75,47.45,126.85,1.4,22.72,646.25,19.89,11,Compost,90.86,Pre-harvest
Soybean,Gujarat,Clay,6.63,134.56,35.65,126.72,1.28,25.24,656.56,32.64,16,Urea,167.25,After sowing
Tomato,Gujarat,Peaty,6.58,170.12,37.92,135.67,1.36,29.41,682.88,20.01,4,Mixed,169.83,After sowing
Rice,Maharashtra,Loamy,6.55,170.21,31.53,152.22,1.25,29.3,827.82,33.18,11,Urea,198.95,After sowing
Millet,Karnataka,Silty,6.11,144.72,26.72,97.21,1.14,36.85,709.61,21.08,4,DAP,122.64,Pre-harvest
Maize,Karnataka,Silty,6.62,100.08,36.51,89.92,0.9,35.71,601.21,24.5,17,Urea,138.11,Mid growth
Tomato,Maharashtra,Peaty,6.95,168.64,35.54,158.17,1.37,35.8,624.91,26.47,12,Potash,94.36,Before sowing
Cotton,Gujarat,Clay,7.42,159.02,35.26,115.86,1.09,31.63,706.22,24.38,10,Mixed,94.14,Before sowing
Sugarcane,Andhra Pradesh,Loamy,6.06,138.7,40.75,112.13,1.42,39.76,1121.24,32.35,9,Potash,135.6,Pre-harvest
Rice,Gujarat,Peaty,7.22,178.17,50.69,149.21,1.0,22.54,1210.02,27.78,7,Compost,146.29,Before sowing
Sugarcane,Gujarat,Loamy,7.08,127.53,36.68,106.53,1.37,24.52,1061.93,28.61,4,Mixed,156.26,Mid growth
Potato,Karnataka,Peaty,7.05,177.31,63.48,129.1,1.55,27.1,839.91,26.09,20,Compost,103.19,Pre-harvest
Groundnut,Tamil Nadu,Clay,5.96,140.66,42.89,132.5,1.14,30.74,642.84,26.32,11,Mixed,124.11,Before sowing
Groundnut,Tamil Nadu,Silty,6.44,164.13,54.61,114.21,1.4,28.78,502.18,28.44,7,Compost,103.69,Pre-harvest
Millet,Andhra Pradesh,Silty,7.16,101.81,34.47,111.77,1.36,33.07,630.14,25.26,14,Urea,132.76,After sowing
Cotton,Maharashtra,Clay,7.08,166.9,30.04,92.14,1.36,28.33,601.49,24.88,16,Potash,140.82,Pre-harvest
Groundnut,Maharashtra,Clay,6.67,137.02,48.15,95.34,1.3,30.07,629.5,32.99,14,Potash,176.67,Mid growth
Maize,Andhra Pradesh,Peaty,6.65,125.24,47.4,124.67,0.9,27.73,441.77,21.65,13,Compost,129.33,Pre-harvest
Rice,Tamil Nadu,Loamy,6.41,172.99,34.5,107.15,1.21,26.22,1226.78,26.46,14,Mixed,197.64,Pre-harvest
Maize,Gujarat,Clay,7.44,134.39,27.36,103.99,1.17,29.62,752.54,28.22,12,DAP,109.92,After sowing
Potato,Tamil Nadu,Loamy,5.88,186.5,51.0,122.11,1.3,21.64,639.38,22.24,14,Potash,167.71,Mid growth
Millet,Tamil Nadu,Peaty,6.51,151.55,49.25,102.91,1.44,24.81,749.59,24.63,20,Compost,89.38,After sowing
Cotton,Tamil Nadu,Sandy,6.46,130.35,42.05,102.66,1.1,38.82,690.5,29.31,6,Compost,138.03,Pre-harvest
Potato,Karnataka,Sandy,6.75,171.74,54.07,112.43,1.29,22.64,768.08,19.26,14,Potash,168.16,After sowing
Groundnut,Gujarat,Sandy,7.21,113.69,32.19,98.07,1.43,23.53,501.04,29.23,11,Urea,165.49,Pre-harvest
Sugarcane,Maharashtra,Sandy,6.11,170.16,55.3,151.83,1.46,28.2,1215.02,28.73,12,Potash,185.32,Before sowing
Sugarcane,Maharashtra,Peaty,7.14,177.42,53.81,114.87,1.22,37.48,1371.69,33.96,18,Compost,106.83,Pre-harvest
Sugarcane,Karnataka,Peaty,6.54,140.84,35.96,147.47,1.11,23.91,1311.84,34.94,7,Urea,107.72,After sowing
Rice,Maharashtra,Silty,6.15,148.81,58.32,125.61,1.77,30.65,1221.39,30.3,8,Compost,84.12,Mid growth
Soybean,Maharashtra,Loamy,6.41,150.08,38.0,99.93,1.12,31.61,664.79,26.3,9,Potash,150.57,Mid growth
Cotton,Gujarat,Clay,7.27,121.08,32.78,123.57,1.24,20.93,611.98,32.31,19,DAP,101.6,After sowing
Maize,Maharashtra,Sandy,7.0,138.93,30.06,93.71,1.16,25.95,574.82,24.05,11,Potash,173.2,After sowing
Potato,Andhra Pradesh,Peaty,6.5,130.11,60.04,133.59,1.25,32.21,749.5,24.03,5,Potash,147.36,After sowing
Rice,Andhra Pradesh,Silty,5.95,137.29,37.67,136.53,1.09,38.75,1091.85,28.79,13,Mixed,149.77,Pre-harvest
Tomato,Andhra Pradesh,Loamy,6.11,155.17,52.8,115.41,1.38,35.49,867.93,27.14,11,Mixed,192.01,Mid growth
Groundnut,Karnataka,Peaty,6.67,132.71,53.18,127.99,1.51,36.6,617.38,25.67,5,Compost,151.78,After sowing
Millet,Gujarat,Clay,7.34,110.71,45.74,133.81,1.24,24.16,490.7,28.09,16,Urea,124.47,Pre-harvest
Tomato,Karnataka,Clay,6.14,189.42,59.09,146.95,1.54,33.56,737.68,19.49,20,Compost,176.68,Before sowing
Sugarcane,Maharashtra,Clay,6.55,151.83,33.47,125.71,1.71,20.76,962.74,26.29,12,Compost,93.08,After sowing
Potato,Gujarat,Loamy,5.94,131.25,46.19,125.51,1.39,21.42,978.96,22.3,10,Mixed,81.89,Before sowing
Potato,Tamil Nadu,Silty,6.98,140.7,37.66,148.15,1.68,27.66,620.67,25.94,11,Compost,90.23,Before sowing
Rice,Maharashtra,Silty,6.9,146.91,48.82,138.51,1.06,21.13,1289.86,32.53,19,DAP,82.92,Pre-harvest
Rice,Maharashtra,Peaty,6.82,132.0,53.86,148.12,1.03,34.95,1390.69,25.34,14,Compost,186.96,Pre-harvest
Maize,Andhra Pradesh,Loamy,6.75,119.89,48.36,107.61,0.97,28.62,692.28,26.07,7,Urea,175.02,Mid growth
Maize,Maharashtra,Silty,6.8,144.13,47.29,112.6,1.28,26.61,607.87,26.04,20,Compost,152.31,After sowing
Potato,Andhra Pradesh,Sandy,6.5,176.27,56.3,124.93,1.24,21.7,988.67,24.69,9,Compost,162.78,After sowing
Soybean,Maharashtra,Silty,6.08,124.09,48.04,123.0,1.4,24.62,682.9,32.2,20,DAP,194.14,Before sowing
Millet,Andhra Pradesh,Silty,7.19,140.52,49.29,107.5,1.01,21.43,693.57,29.63,5,Compost,197.23,Before sowing
Potato,Karnataka,Silty,6.93,156.53,41.46,159.93,1.6,28.92,601.48,25.96,19,Compost,148.69,Pre-harvest
Rice,Maharashtra,Clay,6.77,163.54,30.05,110.68,1.28,26.53,1483.19,29.86,11,Potash,137.0,Pre-harvest
Rice,Maharashtra,Peaty,7.23,146.82,38.15,122.65,1.16,35.72,1184.36,28.06,6,DAP,107.66,Before sowing
Maize,Maharashtra,Sandy,6.42,134.56,36.27,114.76,0.88,31.37,602.99,27.29,19,Potash,175.08,Pre-harvest
Wheat,Maharashtra,Sandy,7.33,135.99,35.11,137.76,1.2,31.63,681.43,29.54,18,DAP,145.99,Before sowing
Cotton,Karnataka,Peaty,6.05,157.82,54.95,131.74,1.13,39.17,811.2,32.11,18,Potash,156.89,Before sowing
Groundnut,Tamil Nadu,Peaty,6.41,160.38,36.85,124.2,1.19,22.4,561.77,24.0,14,DAP,148.13,Before sowing
Potato,Karnataka,Clay,7.38,153.55,45.46,143.55,1.23,32.55,753.11,26.9,12,Urea,152.6,Before sowing
Potato,Andhra Pradesh,Loamy,6.86,167.33,43.94,123.07,1.51,38.56,823.26,27.77,9,Compost,94.5,Pre-harvest
Rice,Karnataka,Loamy,6.57,147.2,52.73,146.48,1.76,24.11,1348.33,33.38,6,Compost,119.99,After sowing
Millet,Karnataka,Sandy,6.48,155.87,49.66,80.85,1.27,20.67,444.35,22.03,11,Potash,173.58,Mid growth
Tomato,Tamil Nadu,Peaty,6.19,167.24,42.23,116.68,1.44,33.46,833.58,24.62,14,Urea,162.03,Pre-harvest
Wheat,Karnataka,Clay,7.48,120.17,35.97,102.0,0.83,25.13,486.44,26.6,14,Potash,125.0,Pre-harvest
Wheat,Karnataka,Peaty,6.21,118.66,45.49,110.81,1.06,25.17,615.49,23.47,17,Urea,177.66,After sowing
Sugarcane,Karnataka,Silty,7.25,149.9,36.21,125.26,1.77,31.73,1409.06,31.4,11,Compost,97.95,Before sowing
Soybean,Tamil Nadu,Sandy,5.87,118.61,41.37,127.7,1.26,28.56,790.27,30.19,6,Urea,134.74,Before sowing
Maize,Karnataka,Sandy,6.97,151.37,46.47,86.77,1.19,28.36,467.28,24.07,16,Potash,153.97,Pre-harvest
Groundnut,Gujarat,Sandy,6.56,167.72,44.96,115.03,1.41,21.46,570.36,32.88,9,Compost,178.97,After sowing
Wheat,Tamil Nadu,Loamy,6.3,136.65,37.07,105.28,1.02,26.41,536.99,23.45,15,Urea,199.55,Pre-harvest
Maize,Gujarat,Clay,6.23,151.38,28.56,88.31,1.35,30.17,791.27,22.25,16,DAP,143.55,Pre-harvest
Sugarcane,Tamil Nadu,Peaty,7.22,178.18,44.03,157.76,1.7,36.48,1150.48,27.84,12,Compost,142.92,After sowing
Millet,Karnataka,Silty,6.78,137.62,37.92,102.72,1.44,36.03,627.16,24.56,4,Potash,96.54,After sowing
Potato,Tamil Nadu,Clay,6.09,158.14,40.15,144.93,1.34,37.04,835.04,25.41,14,Mixed,144.88,After sowing
Groundnut,Gujarat,Loamy,6.28,145.87,36.1,148.95,1.08,28.58,614.44,27.82,4,Compost,138.36,Mid growth
Millet,Karnataka,Clay,7.46,146.54,35.05,102.31,1.05,21.58,481.06,22.09,5,Urea,191.94,Mid growth
Rice,Karnataka,Peaty,7.47,177.98,38.63,159.43,1.71,29.12,1026.54,27.4,7,Compost,137.84,Mid growth
Millet,Karnataka,Loamy,6.48,100.39,44.04,125.11,1.49,20.38,748.8,20.37,11,Urea,186.69,Before sowing
Potato,Andhra Pradesh,Clay,5.96,168.74,44.45,110.7,1.76,20.85,812.36,26.75,11,Compost,159.12,Pre-harvest
Maize,Gujarat,Loamy,6.73,121.35,34.08,102.36,1.48,22.43,468.96,24.31,11,Compost,197.72,After sowing
Rice,Karnataka,Peaty,6.35,166.56,53.63,130.55,1.07,34.42,1133.48,27.16,6,Mixed,175.91,After sowing
Groundnut,Andhra Pradesh,Sandy,6.91,135.69,54.12,142.23,1.15,36.4,696.43,24.58,4,Mixed,100.58,Pre-harvest
Rice,Gujarat,Sandy,6.05,140.61,52.05,101.93,1.36,27.65,852.34,30.15,4,Potash,162.22,Mid growth
Cotton,Maharashtra,Clay,7.3,130.15,47.16,109.68,1.58,32.93,556.51,26.55,15,Compost,116.47,Mid growth
Groundnut,Maharashtra,Loamy,6.82,162.82,40.66,100.03,1.3,37.05,508.67,31.24,16,Urea,128.58,Mid growth
Soybean,Tamil Nadu,Loamy,7.05,126.16,49.71,119.77,1.32,36.63,798.26,24.66,12,Urea,112.06,Before sowing
Soybean,Tamil Nadu,Clay,6.64,136.0,34.9,142.39,1.06,22.0,756.26,31.54,4,Potash,174.56,Mid growth
Millet,Gujarat,Silty,5.91,146.2,34.37,102.15,1.4,36.62,722.55,24.91,14,Mixed,125.96,Mid growth
Wheat,Andhra Pradesh,Clay,5.81,135.66,35.26,99.4,1.0,22.58,676.69,27.5,19,Potash,199.5,Mid growth
Sugarcane,Karnataka,Peaty,7.37,166.87,52.27,152.47,1.15,26.55,893.19,26.02,16,Mixed,95.91,Before sowing
Rice,Tamil Nadu,Sandy,7.34,161.53,40.75,136.09,1.78,27.97,1416.56,29.65,9,Compost,130.74,Pre-harvest
Wheat,Karnataka,Clay,6.06,107.92,48.06,115.63,0.89,23.38,744.17,24.68,14,Urea,130.73,Mid growth
Groundnut,Andhra Pradesh,Peaty,7.46,138.02,38.51,110.98,1.22,24.55,722.85,24.95,19,Mixed,102.36,Pre-harvest
Groundnut,Andhra Pradesh,Silty,7.28,123.25,52.13,100.22,1.41,20.51,611.04,27.99,5,Potash,83.1,Before sowing
Maize,Andhra Pradesh,Silty,7.36,143.2,40.07,128.14,0.89,22.39,500.36,21.04,13,Urea,153.03,Before sowing
Soybean,Andhra Pradesh,Loamy,7.27,153.39,44.32,94.01,1.37,22.3,708.31,29.93,5,Potash,124.09,After sowing
Cotton,Karnataka,Silty,6.34,164.52,41.49,112.59,1.59,21.69,877.62,31.74,16,Compost,109.2,Before sowing
Maize,Andhra Pradesh,Sandy,7.28,147.02,34.3,115.45,1.27,30.36,410.04,21.21,16,Mixed,199.79,Mid growth
Maize,Maharashtra,Silty,7.22,120.37,30.17,104.24,1.24,36.8,554.3,23.61,11,Potash,106.65,Before sowing
Potato,Gujarat,Loamy,7.34,186.5,51.84,135.56,1.77,39.93,841.93,21.32,19,Compost,88.53,Pre-harvest
Groundnut,Gujarat,Sandy,6.78,142.61,36.08,114.52,1.28,26.49,623.77,24.39,17,Compost,115.56,Pre-harvest
Rice,Tamil Nadu,Peaty,6.36,162.52,34.01,104.25,1.3,38.2,1062.04,33.0,9,Compost,183.92,Mid growth
Potato,Andhra Pradesh,Loamy,6.29,143.07,58.73,120.37,1.53,21.26,965.35,25.75,11,Compost,98.49,Mid growth
Sugarcane,Andhra Pradesh,Clay,7.4,170.0,31.08,112.91,1.34,37.36,1309.92,26.17,13,Mixed,130.08,After sowing
Cotton,Karnataka,Clay,6.93,111.22,38.63,116.92,1.43,33.55,799.27,25.19,12,Urea,85.95,Mid growth
Cotton,Tamil Nadu,Sandy,6.79,126.11,42.21,97.74,1.37,25.2,732.02,31.88,5,Potash,193.39,Mid growth
Cotton,Karnataka,Silty,6.05,151.23,36.91,136.33,1.27,24.18,572.87,26.95,20,Potash,130.67,After sowing
Cotton,Andhra Pradesh,Sandy,6.45,144.96,44.15,99.11,1.24,32.9,609.17,29.95,15,Potash,103.62,Pre-harvest
Soybean,Tamil Nadu,Loamy,7.37,136.13,42.07,131.99,1.44,24.47,787.67,29.9,18,Potash,99.3,Pre-harvest
Wheat,Gujarat,Clay,6.94,122.74,40.24,115.1,0.82,22.39,741.62,29.75,7,Mixed,106.47,Before sowing
Tomato,Tamil Nadu,Clay,6.05,179.52,51.24,133.05,1.74,24.98,944.67,23.91,5,Compost,97.22,After sowing
Rice,Maharashtra,Sandy,7.23,164.0,43.44,108.84,1.32,38.38,1280.93,27.82,11,DAP,163.02,After sowing
Groundnut,Gujarat,Silty,6.27,159.98,46.41,116.24,1.31,30.8,776.5,24.65,13,Potash,186.41,After sowing
Potato,Gujarat,Peaty,7.18,168.01,37.79,142.51,1.28,25.5,812.38,21.79,18,DAP,92.49,Before sowing
Potato,Tamil Nadu,Loamy,6.9,141.6,51.23,118.02,1.63,23.96,637.86,27.34,7,Compost,90.5,Mid growth
Maize,Tamil Nadu,Peaty,6.31,114.78,37.12,104.68,0.86,37.39,417.13,21.49,6,Urea,119.08,After sowing
Cotton,Tamil Nadu,Sandy,7.39,119.79,40.65,107.27,1.6,33.25,530.58,32.14,6,Urea,84.51,Pre-harvest
Potato,Karnataka,Silty,7.5,172.38,57.55,137.97,1.77,30.65,763.85,24.71,11,Compost,199.21,Mid growth
Millet,Karnataka,Silty,6.99,138.85,34.96,100.11,1.11,31.44,600.44,23.37,15,Mixed,183.19,Before sowing
Groundnut,Maharashtra,Sandy,6.75,156.8,54.7,111.53,1.44,20.53,718.76,26.34,9,DAP,197.97,Pre-harvest
Tomato,Gujarat,Sandy,6.46,136.83,53.56,147.29,1.69,36.01,738.43,26.89,12,Compost,161.32,After sowing
Sugarcane,Andhra Pradesh,Silty,6.52,175.7,34.39,135.12,1.45,22.62,1377.64,26.93,19,Compost,123.77,Mid growth
Groundnut,Maharashtra,Sandy,6.62,110.85,31.88,146.38,1.49,37.1,830.4,29.05,19,Urea,187.82,Pre-harvest
Potato,Andhra Pradesh,Loamy,6.4,131.76,48.32,146.42,1.34,24.82,728.43,22.51,17,Potash,187.47,Mid growth
Wheat,Karnataka,Clay,6.33,156.45,36.4,98.26,1.26,26.51,783.8,26.57,4,Potash,111.41,After sowing
Millet,Andhra Pradesh,Silty,6.38,126.9,33.16,136.04,1.02,24.7,542.52,27.33,16,Compost,162.25,Before sowing
Millet,Karnataka,Sandy,6.01,147.08,37.57,113.16,0.95,32.8,655.54,27.56,9,DAP,189.29,Before sowing
Sugarcane,Andhra Pradesh,Loamy,6.04,169.8,41.41,140.85,1.45,39.59,917.35,33.29,12,Potash,143.59,Before sowing
Cotton,Gujarat,Silty,6.1,157.34,32.59,123.11,1.04,29.71,862.56,28.13,13,Potash,87.65,Before sowing
Groundnut,Maharashtra,Loamy,7.24,129.15,32.75,146.63,1.24,20.35,612.66,30.28,16,Mixed,182.73,Pre-harvest
Soybean,Maharashtra,Clay,6.71,139.65,40.63,136.54,1.03,33.95,539.98,29.98,10,DAP,116.85,Pre-harvest
Wheat,Tamil Nadu,Silty,5.87,108.37,35.51,84.54,1.02,27.58,613.97,27.33,4,Urea,141.62,Pre-harvest
Rice,Andhra Pradesh,Clay,6.17,139.4,33.23,145.71,1.71,37.88,1226.31,26.75,17,Compost,153.34,Before sowing
Sugarcane,Andhra Pradesh,Peaty,6.42,162.83,43.52,145.93,1.34,30.89,1320.38,31.35,5,Compost,178.82,Before sowing
Rice,Gujarat,Peaty,6.22,134.98,44.93,142.86,1.56,26.16,831.77,32.17,6,Compost,107.47,Pre-harvest
Wheat,Tamil Nadu,Clay,6.08,155.21,40.57,101.98,1.03,39.47,753.23,28.81,10,Urea,95.15,Pre-harvest
Rice,Gujarat,Peaty,7.45,166.03,39.29,109.77,1.5,21.28,904.41,32.09,8,Compost,140.26,After sowing
Soybean,Gujarat,Sandy,6.3,150.69,39.96,106.93,1.4,29.77,881.16,32.04,18,Mixed,113.68,Pre-harvest
Sugarcane,Andhra Pradesh,Clay,6.42,142.34,54.14,130.24,1.59,39.62,1084.26,29.38,16,Compost,154.83,Pre-harvest
Sugarcane,Tamil Nadu,Sandy,7.08,160.85,40.26,103.57,1.73,22.33,1498.18,32.28,12,Compost,88.36,Pre-harvest
Groundnut,Andhra Pradesh,Peaty,7.27,141.98,33.33,102.1,1.14,31.7,895.82,29.07,18,Compost,111.57,Pre-harvest
Potato,Andhra Pradesh,Silty,6.18,154.97,50.93,142.36,1.59,24.19,973.77,27.56,15,Compost,88.31,Pre-harvest
Potato,Andhra Pradesh,Sandy,6.19,179.19,53.47,139.7,1.61,22.66,606.81,25.96,19,Compost,169.71,Before sowing
Rice,Maharashtra,Clay,6.85,179.79,31.95,144.03,1.55,24.31,1384.49,26.52,6,Compost,87.53,Pre-harvest
Groundnut,Karnataka,Sandy,7.38,161.67,54.36,128.17,1.21,34.96,716.51,25.25,16,DAP,114.76,Mid growth
Groundnut,Maharashtra,Loamy,6.64,166.19,52.93,131.13,1.16,23.82,537.75,30.82,4,Compost,184.3,Before sowing
Potato,Tamil Nadu,Clay,6.19,141.96,44.36,152.22,1.36,28.25,621.55,18.93,12,DAP,172.89,Mid growth
Sugarcane,Karnataka,Peaty,7.43,133.05,34.12,154.16,1.36,31.46,866.34,33.9,8,DAP,136.57,Pre-harvest
Rice,Gujarat,Loamy,7.39,154.46,31.53,145.44,1.77,35.67,960.46,25.13,6,Compost,199.58,After sowing
Maize,Gujarat,Silty,7.11,110.49,32.77,82.09,1.24,33.73,696.22,22.67,11,Urea,153.33,After sowing
Rice,Andhra Pradesh,Silty,6.77,141.45,53.51,119.3,1.65,21.95,1137.74,30.07,18,Compost,117.14,Pre-harvest
Soybean,Andhra Pradesh,Peaty,6.3,160.46,48.02,141.55,1.19,33.06,745.91,32.86,11,DAP,171.11,Pre-harvest
Sugarcane,Gujarat,Clay,6.44,159.0,45.15,127.57,1.54,27.91,1368.09,30.7,14,Compost,158.04,Pre-harvest
Soybean,Tamil Nadu,Sandy,7.23,114.21,32.08,134.22,1.15,37.98,793.5,32.54,7,Urea,82.62,Pre-harvest
Cotton,Maharashtra,Clay,7.04,128.62,49.12,144.49,1.07,26.38,886.35,28.5,8,Urea,191.41,Pre-harvest
Potato,Gujarat,Peaty,7.25,150.32,49.92,145.31,1.31,21.31,821.83,19.46,20,Compost,186.58,After sowing
Sugarcane,Tamil Nadu,Sandy,6.34,170.31,54.41,121.04,1.25,32.01,1200.36,32.83,20,Compost,171.02,After sowing
Tomato,Tamil Nadu,Loamy,6.39,155.89,51.65,139.42,1.5,39.87,731.09,27.02,8,Compost,118.49,Mid growth
Potato,Maharashtra,Silty,7.08,185.39,48.32,148.72,1.74,39.35,873.44,27.46,13,Compost,111.03,Before sowing
Tomato,Karnataka,Clay,6.42,167.48,52.84,138.23,1.62,37.96,729.69,21.7,11,Compost,195.15,Mid growth
Cotton,Andhra Pradesh,Clay,6.51,137.58,39.74,120.45,1.45,22.34,725.78,30.86,5,Urea,138.54,Before sowing
Potato,Tamil Nadu,Clay,6.79,143.26,46.63,155.68,1.3,28.12,617.02,25.91,8,Compost,170.78,Pre-harvest
Groundnut,Andhra Pradesh,Sandy,7.34,123.63,53.31,130.77,1.27,28.35,647.9,27.12,6,Potash,162.56,Mid growth
Sugarcane,Karnataka,Loamy,6.96,143.45,33.95,107.09,1.07,24.39,836.17,33.91,8,Compost,134.1,After sowing
Tomato,Andhra Pradesh,Clay,6.42,157.54,35.8,158.15,1.26,39.08,818.69,22.07,20,DAP,124.44,Pre-harvest
Rice,Maharashtra,Sandy,6.78,136.13,33.41,122.62,1.59,38.89,1020.97,33.71,7,Compost,180.89,Pre-harvest
Soybean,Karnataka,Sandy,7.03,132.37,40.01,128.95,1.17,23.11,799.32,31.68,7,Urea,166.35,After sowing
Groundnut,Gujarat,Loamy,5.96,135.72,32.11,103.27,1.13,37.3,715.22,29.24,6,Compost,122.01,After sowing
Cotton,Karnataka,Peaty,6.96,117.1,36.08,135.56,1.07,23.35,739.3,27.32,8,Urea,193.7,Before sowing
Maize,Andhra Pradesh,Loamy,7.08,130.39,39.65,94.62,1.4,31.85,752.57,22.76,6,Potash,195.39,Pre-harvest
Sugarcane,Tamil Nadu,Sandy,7.35,179.6,38.71,134.65,1.57,20.03,1127.64,34.73,11,Compost,122.05,Mid growth
Potato,Tamil Nadu,Clay,6.77,143.71,64.37,110.54,1.23,36.05,793.03,20.36,12,Compost,168.26,Mid growth
Soybean,Andhra Pradesh,Sandy,7.37,128.68,50.4,115.53,1.06,31.93,774.22,26.44,17,DAP,189.27,Mid growth
Soybean,Gujarat,Clay,6.9,112.6,44.72,125.85,1.29,29.1,583.58,30.07,19,Urea,165.37,After sowing
Soybean,Gujarat,Peaty,6.73,118.67,45.09,109.65,1.08,21.36,843.81,30.03,17,Urea,128.77,Before sowing
Groundnut,Maharashtra,Clay,6.38,140.94,42.95,93.44,1.1,28.95,638.08,25.23,14,Potash,95.34,After sowing
Tomato,Gujarat,Clay,6.57,148.49,42.65,158.23,1.48,21.67,716.41,20.82,18,Urea,146.36,After sowing
Groundnut,Tamil Nadu,Silty,7.46,138.33,46.46,112.64,1.45,27.12,812.03,29.55,7,DAP,95.67,Before sowing
Soybean,Karnataka,Clay,6.69,129.86,47.9,148.82,1.43,20.37,647.13,32.31,15,Urea,113.5,Pre-harvest
Cotton,Karnataka,Sandy,6.74,121.75,32.75,122.58,1.16,27.32,733.61,27.09,6,Urea,199.52,Before sowing
Tomato,Andhra Pradesh,Silty,6.76,135.93,45.44,114.06,1.56,21.6,634.27,25.56,16,Compost,118.45,After sowing
Rice,Gujarat,Clay,6.64,163.21,38.19,123.5,1.22,39.2,802.0,29.22,12,Mixed,107.9,After sowing
Soybean,Andhra Pradesh,Silty,6.41,113.81,30.12,125.47,1.03,25.27,723.0,29.79,10,Urea,88.4,Pre-harvest
Maize,Maharashtra,Silty,6.43,158.42,32.39,92.12,1.19,20.64,699.72,22.28,19,Potash,156.6,After sowing
Rice,Maharashtra,Silty,7.0,168.46,50.88,153.71,1.59,21.41,963.67,31.02,10,Compost,87.45,Before sowing
Soybean,Maharashtra,Clay,6.1,140.49,39.85,142.29,1.48,37.76,648.66,32.84,11,Potash,193.4,Before sowing
Maize,Gujarat,Clay,5.88,132.24,27.08,92.18,0.97,30.75,591.24,27.45,4,DAP,132.75,Mid growth
Sugarcane,Karnataka,Sandy,6.64,168.72,51.12,112.19,1.03,31.38,1195.85,26.2,19,Mixed,177.36,Before sowing
Soybean,Gujarat,Silty,6.96,131.37,40.18,142.05,1.21,30.93,774.36,28.69,17,Compost,135.55,After sowing
Soybean,Karnataka,Clay,5.95,153.77,31.8,117.37,1.44,21.09,756.36,31.86,14,Potash,176.25,Mid growth
Sugarcane,Tamil Nadu,Peaty,7.03,155.83,50.79,110.01,1.44,30.25,1345.81,25.54,6,Urea,165.17,Pre-harvest
Maize,Tamil Nadu,Clay,6.8,132.73,37.78,111.06,0.9,23.57,795.15,21.2,18,DAP,146.58,After sowing
Maize,Andhra Pradesh,Peaty,6.72,158.7,40.79,124.85,0.84,27.97,547.96,25.96,9,Potash,198.84,Pre-harvest
Tomato,Maharashtra,Loamy,6.69,159.44,44.56,143.06,1.35,33.24,858.4,24.84,9,Urea,150.43,Before sowing
Maize,Tamil Nadu,Clay,7.16,141.22,31.74,81.77,1.08,34.37,623.87,26.52,13,Potash,171.44,Before sowing
Sugarcane,Karnataka,Sandy,6.86,131.87,31.99,143.39,1.13,37.0,946.03,33.54,11,Potash,83.66,Pre-harvest
Tomato,Karnataka,Peaty,6.79,153.33,44.66,159.26,1.44,30.34,663.37,21.15,8,Compost,125.51,Before sowing
Groundnut,Gujarat,Sandy,6.75,154.01,54.15,146.13,1.45,24.34,882.03,24.42,10,Mixed,102.06,Mid growth
Groundnut,Maharashtra,Loamy,6.76,145.49,51.24,113.38,1.28,35.02,761.01,31.2,16,Potash,192.39,Mid growth
Sugarcane,Tamil Nadu,Clay,7.1,154.39,34.67,155.09,1.45,31.42,1027.86,33.69,11,DAP,81.61,After sowing
Sugarcane,Andhra Pradesh,Sandy,6.55,160.89,56.09,140.67,1.76,21.3,1020.49,27.51,8,Compost,184.83,Mid growth
Millet,Gujarat,Peaty,6.47,106.84,47.53,118.85,0.84,36.47,733.61,23.43,17,Urea,147.39,Before sowing
Tomato,Karnataka,Silty,7.24,132.81,40.25,138.44,1.27,36.67,816.77,21.59,12,Urea,154.81,Mid growth
Potato,Tamil Nadu,Clay,6.85,134.51,59.04,153.34,1.56,20.76,779.77,24.13,20,Compost,111.72,Before sowing
Sugarcane,Andhra Pradesh,Loamy,7.09,148.31,36.63,131.64,1.08,26.11,1421.19,34.77,6,Compost,174.07,Pre-harvest
Millet,Andhra Pradesh,Clay,7.31,159.37,41.36,114.01,1.45,26.73,505.62,23.94,14,DAP,178.74,Before sowing
Groundnut,Andhra Pradesh,Sandy,6.87,114.91,31.19,149.38,1.6,32.84,885.18,26.09,8,Urea,186.12,Pre-harvest
Tomato,Andhra Pradesh,Silty,6.27,152.04,42.4,152.96,1.42,39.87,610.98,22.64,14,Mixed,117.95,Mid growth
Wheat,Maharashtra,Peaty,5.95,114.68,35.11,98.43,0.86,36.1,684.04,29.43,19,Urea,115.07,After sowing
Millet,Gujarat,Silty,6.11,131.48,39.64,111.02,1.0,39.66,534.7,28.27,5,Urea,195.95,Before sowing
Maize,Karnataka,Clay,6.83,131.99,49.0,124.82,1.5,23.12,641.12,28.23,19,Mixed,147.35,Pre-harvest
Millet,Gujarat,Sandy,7.23,130.73,39.52,120.4,1.43,37.12,432.28,25.33,11,Compost,122.69,Pre-harvest
Sugarcane,Maharashtra,Peaty,6.59,150.51,42.44,123.91,1.72,20.09,893.63,32.96,9,Compost,174.69,After sowing
Millet,Karnataka,Clay,5.99,147.4,40.8,112.87,1.09,30.49,578.72,29.24,9,Potash,164.73,Pre-harvest
Potato,Maharashtra,Silty,6.89,131.69,52.69,152.42,1.32,27.25,853.21,18.51,9,DAP,169.93,After sowing
Maize,Tamil Nadu,Peaty,6.65,108.93,36.65,94.54,1.28,30.71,582.72,24.85,14,Urea,188.3,Mid growth
Rice,Karnataka,Peaty,6.02,156.98,37.69,159.85,1.26,30.67,1452.27,25.1,9,Mixed,162.65,Mid growth
Wheat,Gujarat,Clay,6.8,139.68,28.27,90.78,0.87,39.92,674.85,26.35,10,DAP,157.96,After sowing
Tomato,Andhra Pradesh,Silty,6.15,140.1,51.47,135.53,1.35,30.53,799.64,20.86,12,DAP,113.38,Before sowing
Millet,Gujarat,Sandy,6.75,142.49,26.94,116.46,0.92,37.66,782.66,20.85,19,DAP,109.9,Mid growth
Cotton,Andhra Pradesh,Peaty,6.19,161.94,43.93,128.21,1.4,33.7,636.22,26.25,12,Potash,106.5,Before sowing
Millet,Karnataka,Sandy,6.16,151.05,41.69,80.55,1.05,30.41,736.36,21.63,6,Potash,182.21,After sowing
Soybean,Gujarat,Silty,7.02,113.44,37.97,138.03,1.57,20.17,582.51,29.37,10,Urea,82.28,Pre-harvest
Potato,Andhra Pradesh,Sandy,6.75,130.87,53.51,134.91,1.54,36.05,724.89,27.58,5,Compost,94.46,Pre-harvest
Groundnut,Karnataka,Silty,5.97,133.78,45.76,139.15,1.4,25.47,560.39,25.44,11,DAP,127.04,Before sowing
Groundnut,Andhra Pradesh,Loamy,5.89,167.99,40.36,131.61,1.28,31.76,696.82,29.24,8,Urea,194.97,Pre-harvest
Millet,Andhra Pradesh,Silty,6.01,106.41,47.34,128.4,1.06,38.49,570.54,24.64,20,Urea,195.92,Pre-harvest
Cotton,Andhra Pradesh,Sandy,6.08,124.04,41.27,125.11,1.12,23.82,813.32,25.61,7,DAP,144.75,Before sowing
Potato,Karnataka,Loamy,7.05,182.14,43.1,115.08,1.74,27.84,649.04,26.06,7,Compost,108.48,Mid growth
Potato,Karnataka,Peaty,6.64,146.18,43.08,110.38,1.66,30.55,909.34,19.26,13,Compost,110.77,Before sowing
Sugarcane,Karnataka,Loamy,7.32,146.45,53.17,100.32,1.58,29.93,1244.68,31.97,17,Compost,167.33,After sowing
Rice,Andhra Pradesh,Clay,6.86,132.9,36.66,103.0,1.06,28.87,889.77,26.01,17,Mixed,85.99,Pre-harvest
Tomato,Maharashtra,Clay,6.37,173.88,52.36,122.56,1.5,29.71,754.32,19.51,16,Potash,118.34,After sowing
Rice,Maharashtra,Sandy,6.46,130.66,52.01,144.5,1.63,30.59,1258.76,32.83,9,Compost,93.43,Pre-harvest
Potato,Tamil Nadu,Sandy,7.04,188.09,55.36,138.71,1.66,22.27,720.26,27.54,19,Compost,137.31,After sowing
Rice,Tamil Nadu,Silty,7.29,128.98,54.72,134.26,1.28,39.37,1273.09,27.9,17,Compost,119.64,After sowing
Rice,Andhra Pradesh,Clay,5.88,133.3,47.41,114.02,1.0,26.99,860.79,28.45,4,Potash,115.18,After sowing
Rice,Maharashtra,Silty,6.4,145.46,55.58,123.48,1.78,36.52,1039.85,31.84,7,Compost,182.25,After sowing
Wheat,Karnataka,Peaty,7.08,145.66,36.86,119.54,0.99,28.53,654.61,24.99,5,DAP,112.11,Pre-harvest
Tomato,Karnataka,Clay,5.97,188.3,58.43,144.95,1.29,21.66,767.26,27.15,16,Compost,124.23,Pre-harvest
Potato,Karnataka,Sandy,6.88,141.0,62.47,145.98,1.42,33.99,844.61,23.91,4,Urea,97.53,After sowing
Soybean,Karnataka,Loamy,6.05,164.72,32.17,143.84,1.55,28.95,739.08,25.47,16,Compost,191.56,Before sowing
Cotton,Karnataka,Silty,5.99,134.18,50.52,134.72,1.31,25.54,641.12,29.71,20,Urea,127.73,After sowing
Soybean,Andhra Pradesh,Peaty,7.27,112.67,42.36,132.42,1.17,26.13,732.68,27.78,19,Urea,170.17,Pre-harvest
Potato,Maharashtra,Silty,6.13,170.75,50.76,154.26,1.35,32.99,727.81,19.53,18,Urea,96.91,After sowing
Wheat,Karnataka,Sandy,6.32,118.63,46.54,80.15,1.13,24.59,465.07,25.51,17,Urea,133.33,Before sowing
Maize,Andhra Pradesh,Clay,6.46,143.24,35.25,94.81,1.23,25.45,714.45,25.57,8,Potash,93.12,After sowing
Wheat,Maharashtra,Sandy,7.45,101.68,45.75,81.22,1.27,38.89,713.37,21.62,17,Urea,145.69,After sowing
Millet,Tamil Nadu,Loamy,6.0,123.52,48.92,109.2,1.16,24.57,409.38,28.97,4,Urea,90.66,Pre-harvest
Maize,Maharashtra,Silty,6.63,113.04,44.87,112.61,1.5,24.31,561.19,24.25,17,Urea,133.98,After sowing
Sugarcane,Andhra Pradesh,Peaty,6.26,165.62,36.9,117.26,1.74,28.4,1186.83,34.96,14,Compost,125.07,Mid growth
Cotton,Gujarat,Silty,6.55,113.56,39.15,98.42,1.05,33.32,897.65,28.88,7,Urea,154.49,Pre-harvest
Millet,Andhra Pradesh,Peaty,6.3,137.92,28.74,115.48,1.38,34.39,431.23,23.53,15,DAP,157.74,After sowing
Groundnut,Tamil Nadu,Loamy,7.09,147.05,45.59,148.47,1.52,28.74,680.96,26.08,5,Compost,125.43,Mid growth
Wheat,Gujarat,Clay,5.87,130.37,37.27,101.26,1.17,21.53,766.44,27.25,19,Mixed,189.72,After sowing
Wheat,Gujarat,Peaty,5.9,158.68,40.21,84.1,0.94,35.2,532.75,25.57,14,Potash,171.49,After sowing
Sugarcane,Tamil Nadu,Loamy,6.58,141.01,49.83,152.22,1.66,32.67,1103.02,31.85,13,Compost,160.67,Pre-harvest
Potato,Karnataka,Sandy,6.03,133.73,35.61,116.64,1.42,22.8,801.26,27.81,10,DAP,191.57,Pre-harvest
Soybean,Tamil Nadu,Silty,7.15,148.7,50.9,100.64,1.28,22.77,853.9,27.28,15,Compost,177.54,Before sowing
Wheat,Karnataka,Sandy,7.21,131.39,41.07,85.86,1.44,28.94,715.76,23.75,12,Potash,97.67,Mid growth
Cotton,Andhra Pradesh,Peaty,6.85,136.82,48.23,146.65,1.37,32.95,614.34,27.22,13,Potash,130.86,After sowing
Soybean,Gujarat,Loamy,5.85,128.03,36.05,135.48,1.43,27.15,797.32,28.08,17,Compost,195.3,Before sowing
Sugarcane,Andhra Pradesh,Silty,6.47,144.83,35.26,132.04,1.61,25.86,970.18,27.94,16,Compost,186.01,Before sowing
Millet,Karnataka,Peaty,6.02,132.85,48.15,106.15,0.97,31.55,596.66,27.15,11,Compost,99.42,Before sowing
Millet,Andhra Pradesh,Loamy,6.1,100.92,25.54,121.22,1.01,32.93,743.84,28.45,9,Urea,195.36,Pre-harvest
Potato,Tamil Nadu,Clay,6.57,176.71,43.97,110.8,1.78,26.99,865.6,27.02,4,Compost,117.29,Pre-harvest
Groundnut,Gujarat,Silty,6.87,129.16,41.3,92.06,1.15,22.08,509.82,29.98,19,Potash,116.81,Pre-harvest
Millet,Maharashtra,Silty,7.0,134.56,27.58,126.62,1.11,26.66,578.39,23.19,5,DAP,130.44,After sowing
Rice,Karnataka,Peaty,6.5,136.18,43.77,138.34,1.79,35.71,1016.23,34.28,9,Compost,185.46,Mid growth
Rice,Andhra Pradesh,Peaty,6.83,150.83,52.64,106.81,1.11,35.03,920.2,26.91,7,Compost,134.71,Pre-harvest
Rice,Tamil Nadu,Clay,6.27,177.39,36.97,156.47,1.72,29.67,1170.64,34.79,20,Compost,98.06,Before sowing
Sugarcane,Tamil Nadu,Silty,6.12,136.2,57.59,100.42,1.11,25.91,815.01,34.85,13,Potash,112.24,Before sowing
Cotton,Andhra Pradesh,Sandy,5.83,131.29,42.97,133.91,1.29,24.77,740.99,30.23,5,Potash,98.46,Mid growth
Potato,Andhra Pradesh,Silty,7.2,138.75,61.5,139.11,1.4,33.12,760.7,18.45,7,Compost,179.53,Pre-harvest
Potato,Maharashtra,Loamy,5.89,179.43,61.46,156.71,1.34,22.26,758.92,20.42,9,DAP,99.91,Pre-harvest
Sugarcane,Tamil Nadu,Loamy,5.99,172.43,49.43,124.99,1.43,28.52,801.79,28.16,4,Compost,117.57,Pre-harvest
Maize,Karnataka,Sandy,6.07,158.02,43.49,135.77,0.91,21.15,587.22,22.72,6,Urea,111.66,Pre-harvest
Groundnut,Karnataka,Clay,6.79,168.2,37.55,141.61,1.41,22.88,552.49,26.44,6,Mixed,187.25,Pre-harvest
Maize,Gujarat,Clay,5.91,103.94,40.52,87.2,1.36,33.95,462.79,21.62,10,Urea,195.17,Before sowing
Soybean,Andhra Pradesh,Peaty,6.44,138.75,35.64,128.28,1.33,22.37,836.46,24.79,8,Compost,166.1,Mid growth
Soybean,Maharashtra,Silty,6.03,157.43,46.12,107.55,1.38,26.9,858.59,30.97,7,Mixed,173.22,Before sowing
Cotton,Tamil Nadu,Loamy,7.37,149.23,53.37,133.55,1.03,23.22,715.13,28.74,19,Compost,128.83,Mid growth
Sugarcane,Maharashtra,Loamy,7.12,129.47,37.64,128.98,1.65,37.47,1300.1,31.64,9,Compost,140.43,After sowing
Soybean,Maharashtra,Loamy,5.92,155.33,49.48,102.2,1.04,39.45,642.98,25.14,9,Compost,195.14,Before sowing
Cotton,Tamil Nadu,Peaty,6.79,146.27,53.13,104.63,1.07,20.44,882.36,32.92,12,Potash,177.15,Before sowing
Millet,Andhra Pradesh,Loamy,6.41,133.33,27.17,108.88,0.85,36.46,455.06,20.59,12,DAP,83.99,After sowing
Cotton,Gujarat,Loamy,6.49,165.39,32.88,96.23,1.08,33.39,734.29,27.06,17,Potash,90.52,Before sowing
Tomato,Karnataka,Loamy,7.33,177.44,63.29,144.26,1.36,27.68,728.74,19.81,19,Mixed,169.28,Before sowing
Potato,Karnataka,Silty,6.57,183.86,36.98,141.59,1.58,36.3,975.84,24.83,12,Compost,100.91,After sowing
Tomato,Tamil Nadu,Clay,5.93,132.09,39.21,112.75,1.24,34.04,745.83,21.91,12,Urea,137.22,After sowing
Millet,Andhra Pradesh,Loamy,6.3,144.49,38.53,118.13,1.35,20.61,700.31,26.37,12,Compost,139.21,Before sowing
Sugarcane,Tamil Nadu,Peaty,6.19,151.69,47.87,140.98,1.62,36.54,917.55,32.33,10,Compost,100.27,Mid growth
Millet,Andhra Pradesh,Peaty,6.3,112.84,38.34,104.68,1.33,39.72,701.61,26.93,14,Urea,152.13,Mid growth
Maize,Gujarat,Loamy,5.85,116.46,34.76,102.07,1.0,26.73,598.0,28.02,9,Urea,153.88,Before sowing
Groundnut,Andhra Pradesh,Loamy,6.63,136.44,41.49,143.9,1.01,21.77,899.89,29.41,4,Potash,190.7,Mid growth
Wheat,Tamil Nadu,Sandy,7.25,149.39,49.09,95.67,1.3,31.58,642.02,26.91,11,Potash,183.13,After sowing
Soybean,Andhra Pradesh,Sandy,6.53,137.53,33.09,111.58,1.32,32.54,898.53,26.46,5,DAP,149.58,Mid growth
Groundnut,Andhra Pradesh,Peaty,7.36,159.58,34.56,132.93,1.11,22.09,893.24,29.26,11,Mixed,197.77,Pre-harvest
Rice,Maharashtra,Clay,5.86,154.18,46.65,149.35,1.12,27.7,1194.23,32.55,20,DAP,99.93,Pre-harvest
Rice,Maharashtra,Loamy,7.07,152.19,47.31,102.44,1.15,20.3,996.29,25.95,5,Potash,134.26,Before sowing
Maize,Gujarat,Clay,6.58,152.87,34.54,102.26,1.01,32.81,558.26,26.59,15,Compost,101.14,Mid growth
Wheat,Tamil Nadu,Clay,7.18,138.07,31.48,123.95,1.09,29.07,448.09,29.62,7,Compost,120.69,After sowing
Soybean,Maharashtra,Sandy,6.49,142.51,49.27,141.84,1.32,32.81,614.12,24.2,16,DAP,108.09,Before sowing
Wheat,Gujarat,Sandy,7.04,147.8,35.14,101.58,1.38,36.38,456.33,26.35,6,Potash,169.71,Mid growth
Wheat,Andhra Pradesh,Loamy,7.05,150.25,39.76,93.82,1.49,35.83,412.78,26.86,8,Potash,140.83,Before sowing
Soybean,Andhra Pradesh,Silty,6.1,128.98,40.35,97.08,1.27,33.58,707.33,29.81,11,Potash,179.85,After sowing
Tomato,Karnataka,Loamy,6.69,160.43,38.7,111.88,1.49,23.43,629.89,24.23,8,Compost,141.62,Pre-harvest
Potato,Maharashtra,Peaty,6.5,164.1,41.45,135.65,1.79,29.93,609.45,26.19,14,Compost,194.81,Mid growth
Millet,Andhra Pradesh,Silty,7.26,114.76,41.53,115.2,0.81,37.93,735.09,21.93,13,Urea,139.26,Mid growth
Tomato,Maharashtra,Loamy,6.46,171.8,64.67,149.79,1.6,39.39,752.55,23.88,8,Compost,165.77,After sowing
Maize,Karnataka,Silty,5.84,157.18,43.85,109.62,0.81,24.96,768.22,27.36,18,Mixed,168.78,Mid growth
Potato,Maharashtra,Peaty,7.23,154.22,57.69,124.68,1.37,29.49,682.9,24.96,7,Urea,99.72,Mid growth
Tomato,Tamil Nadu,Peaty,6.34,155.01,59.77,140.86,1.7,22.14,721.93,20.12,7,Compost,165.04,Mid growth
Soybean,Andhra Pradesh,Clay,6.46,168.02,35.95,148.67,1.23,37.91,706.9,26.07,18,DAP,114.66,Pre-harvest
Sugarcane,Tamil Nadu,Peaty,6.52,172.44,51.18,101.07,1.47,21.4,1226.45,26.84,18,Potash,99.19,After sowing
Soybean,Karnataka,Clay,6.62,163.81,35.86,136.57,1.46,32.25,672.93,25.64,16,Potash,172.07,Mid growth
Potato,Gujarat,Peaty,7.18,159.9,46.67,129.06,1.22,35.97,635.29,25.61,5,Urea,183.57,Pre-harvest
Groundnut,Karnataka,Silty,6.29,133.86,31.22,135.35,1.35,21.14,739.21,29.54,11,DAP,179.24,Pre-harvest
Maize,Tamil Nadu,Loamy,7.06,148.58,44.6,84.45,1.2,24.69,516.53,21.79,11,Potash,138.1,Mid growth
Soybean,Karnataka,Silty,6.36,160.07,41.83,90.99,1.55,36.95,691.12,27.65,16,Potash,199.41,Mid growth
Potato,Andhra Pradesh,Peaty,6.35,180.05,52.23,148.88,1.57,36.41,979.86,18.81,7,Compost,172.4,Before sowing
Sugarcane,Maharashtra,Loamy,6.99,139.06,45.32,122.83,1.28,30.58,1150.19,29.79,4,Compost,137.53,Pre-harvest
Potato,Maharashtra,Sandy,5.86,175.6,53.33,139.46,1.51,31.02,994.79,25.38,7,Compost,89.11,Pre-harvest
Cotton,Karnataka,Loamy,5.97,130.47,54.43,148.43,1.29,27.89,895.94,32.82,9,Compost,92.82,After sowing
Groundnut,Tamil Nadu,Loamy,6.18,112.34,47.43,114.99,1.26,22.47,661.15,32.85,8,Urea,98.28,Before sowing
Wheat,Maharashtra,Sandy,7.41,146.91,26.6,130.21,1.05,37.57,527.15,25.97,19,DAP,82.04,Mid growth
Sugarcane,Karnataka,Peaty,5.87,127.52,50.22,123.65,1.65,35.04,1435.55,28.53,16,Compost,83.9,Pre-harvest
Potato,Maharashtra,Peaty,7.09,147.59,49.41,129.64,1.38,34.97,949.89,24.23,6,Compost,127.02,Pre-harvest
Wheat,Gujarat,Loamy,6.45,109.17,31.43,80.86,1.25,27.53,783.68,28.54,20,Urea,83.35,After sowing
Cotton,Tamil Nadu,Loamy,7.33,148.42,32.87,143.58,1.23,27.03,787.05,25.75,13,DAP,167.04,Pre-harvest
Maize,Gujarat,Clay,5.95,159.91,47.23,92.98,1.24,33.21,692.49,28.23,4,Potash,108.34,Mid growth
Maize,Karnataka,Silty,6.94,154.7,44.57,87.37,0.94,34.68,483.55,22.04,17,Potash,116.29,Pre-harvest
Cotton,Gujarat,Clay,6.6,152.48,36.86,131.48,1.06,24.2,552.57,28.38,19,Potash,144.29,Pre-harvest
Cotton,Gujarat,Silty,6.81,145.84,40.24,99.09,1.26,21.66,873.42,32.62,13,Potash,179.72,After sowing
Millet,Andhra Pradesh,Silty,6.27,120.63,26.71,107.24,1.08,27.19,504.36,25.87,6,DAP,139.2,Mid growth
Wheat,Karnataka,Sandy,6.48,156.8,27.41,81.42,0.97,24.84,770.5,28.26,8,DAP,195.75,After sowing
Rice,Andhra Pradesh,Silty,6.96,147.09,54.8,113.6,1.33,27.39,903.31,28.97,6,Potash,155.44,Mid growth
Groundnut,Andhra Pradesh,Sandy,6.03,151.82,31.77,144.51,1.09,24.91,626.32,28.97,7,Compost,90.6,Before sowing
Rice,Karnataka,Peaty,6.81,141.01,45.46,113.59,1.2,32.18,1225.26,26.59,16,Compost,106.61,Before sowing
Maize,Gujarat,Loamy,6.55,100.47,43.82,90.06,1.4,33.24,404.52,28.16,16,Urea,152.0,Mid growth
Cotton,Tamil Nadu,Silty,6.3,143.34,52.8,103.6,1.36,39.85,776.55,32.41,10,Urea,117.37,Pre-harvest
Rice,Gujarat,Sandy,5.91,173.7,58.9,108.03,1.74,21.85,1432.19,25.69,4,Compost,185.08,Before sowing
Rice,Andhra Pradesh,Loamy,6.2,129.44,30.79,147.78,1.38,21.35,1012.64,34.89,7,Compost,174.04,Pre-harvest
Potato,Tamil Nadu,Sandy,7.46,158.57,62.04,151.41,1.45,21.09,971.96,18.75,18,Potash,155.91,After sowing
Groundnut,Maharashtra,Clay,6.1,127.58,33.71,124.83,1.03,37.77,618.8,30.46,8,Compost,161.99,After sowing
Groundnut,Tamil Nadu,Clay,6.15,153.68,44.89,134.71,1.57,21.92,693.42,28.9,5,Compost,107.78,Before sowing
Soybean,Maharashtra,Peaty,7.33,131.59,30.5,94.69,1.03,35.65,564.34,27.07,15,Potash,116.93,After sowing
Groundnut,Karnataka,Sandy,7.33,129.23,51.44,142.26,1.31,32.47,667.28,32.01,6,Urea,154.95,Before sowing
Maize,Tamil Nadu,Sandy,6.68,110.29,36.08,135.46,0.97,26.29,507.17,29.56,19,Urea,138.28,Before sowing
Rice,Andhra Pradesh,Silty,6.07,129.91,58.26,131.92,1.19,35.97,866.27,34.55,8,Potash,186.64,Before sowing
Soybean,Gujarat,Loamy,6.37,124.09,40.3,107.52,1.32,35.48,807.73,30.8,15,Mixed,92.21,Before sowing
Soybean,Karnataka,Clay,5.83,121.32,52.38,146.79,1.18,37.18,636.4,29.35,11,Mixed,170.49,Before sowing
Wheat,Karnataka,Silty,5.81,103.05,27.94,112.37,1.46,23.26,737.17,27.21,8,Urea,199.39,Pre-harvest
Soybean,Karnataka,Sandy,7.09,127.76,44.24,107.66,1.12,39.53,806.15,30.33,19,DAP,155.88,Mid growth
Cotton,Andhra Pradesh,Peaty,6.85,134.48,37.18,95.15,1.49,38.1,877.8,31.97,10,Potash,113.33,Before sowing
Rice,Maharashtra,Peaty,5.9,170.77,50.1,149.56,1.67,35.19,1395.15,34.56,10,Compost,134.54,After sowing
Groundnut,Tamil Nadu,Loamy,6.22,162.21,30.84,110.5,1.32,35.4,707.34,27.81,16,Potash,132.24,Pre-harvest
Soybean,Karnataka,Sandy,6.56,142.52,49.08,113.94,1.03,20.54,614.28,31.2,13,Urea,170.51,Before sowing
Soybean,Karnataka,Clay,6.49,120.86,31.07,101.23,1.41,28.23,584.62,31.67,18,Mixed,132.36,Pre-harvest
Sugarcane,Andhra Pradesh,Clay,5.99,120.88,57.42,119.34,1.42,38.43,959.54,28.93,8,Mixed,165.51,Mid growth
Millet,Karnataka,Loamy,6.26,135.53,46.56,98.83,1.11,37.39,615.0,21.69,9,Potash,81.32,Before sowing
Cotton,Gujarat,Peaty,6.81,149.72,36.96,140.51,1.59,26.7,590.57,30.51,16,Compost,95.63,Before sowing
Groundnut,Gujarat,Silty,5.97,164.35,50.37,135.99,1.34,31.78,673.71,27.0,19,Potash,94.22,After sowing
Cotton,Andhra Pradesh,Silty,6.28,160.68,30.31,92.6,1.16,28.16,541.74,24.63,7,Potash,143.89,Before sowing
Sugarcane,Tamil Nadu,Peaty,6.19,132.9,30.11,150.43,1.79,29.73,1199.06,30.93,8,Compost,184.93,Pre-harvest
Tomato,Maharashtra,Loamy,6.15,187.11,48.13,152.7,1.3,38.72,674.21,25.18,7,Compost,173.9,Pre-harvest
Groundnut,Karnataka,Loamy,6.71,115.46,34.66,117.3,1.01,35.53,610.63,32.86,10,Urea,186.34,Pre-harvest
Millet,Andhra Pradesh,Sandy,6.05,155.17,47.24,125.28,0.98,37.7,733.79,24.8,11,Urea,86.12,After sowing
Potato,Tamil Nadu,Peaty,5.88,138.81,36.34,115.23,1.56,32.17,669.45,27.15,17,Compost,153.45,Mid growth
Rice,Tamil Nadu,Loamy,7.11,141.5,32.03,121.61,1.06,21.49,1210.32,25.64,8,Potash,190.24,Mid growth
Groundnut,Karnataka,Sandy,6.38,162.64,51.66,114.42,1.09,40.0,600.49,24.23,4,Potash,154.98,Before sowing
Cotton,Maharashtra,Loamy,5.88,147.84,53.03,120.01,1.04,38.81,515.4,28.62,4,DAP,99.63,Mid growth
Rice,Karnataka,Loamy,6.27,134.78,51.02,153.95,1.79,33.02,1351.23,27.73,4,Compost,188.62,Mid growth
Soybean,Andhra Pradesh,Sandy,7.36,115.47,54.54,92.88,1.58,30.54,880.52,30.76,15,Urea,164.53,Before sowing
Soybean,Andhra Pradesh,Sandy,6.79,133.86,34.22,146.5,1.32,36.71,624.28,30.65,11,Mixed,103.62,Pre-harvest
Potato,Tamil Nadu,Peaty,7.01,184.55,45.11,111.97,1.66,27.0,781.87,20.31,7,Compost,90.15,After sowing
Potato,Gujarat,Clay,6.21,144.56,50.04,114.62,1.39,24.12,794.66,27.28,8,Mixed,147.3,Mid growth
Tomato,Karnataka,Silty,7.05,136.65,35.96,126.87,1.28,22.21,893.43,23.67,20,Compost,88.93,After sowing
Millet,Karnataka,Clay,6.15,102.59,28.03,95.94,1.32,25.36,659.84,24.1,14,Urea,88.75,Before sowing
Groundnut,Tamil Nadu,Peaty,7.3,155.03,50.32,143.98,1.34,32.45,599.98,27.03,12,Compost,169.7,Mid growth
Rice,Gujarat,Clay,6.63,165.82,52.07,146.72,1.41,34.64,1225.96,26.49,14,Mixed,158.43,Pre-harvest
Millet,Gujarat,Loamy,6.04,158.16,37.82,105.1,1.44,38.67,469.77,27.72,7,Mixed,120.59,After sowing
Wheat,Andhra Pradesh,Peaty,6.76,154.16,31.37,109.53,0.92,31.3,605.16,26.99,15,Compost,179.89,Mid growth
Soybean,Andhra Pradesh,Peaty,6.78,142.65,35.56,93.84,1.39,29.73,896.42,24.24,7,Potash,181.37,After sowing
Soybean,Karnataka,Sandy,6.84,148.51,45.32,135.55,1.37,24.6,680.41,30.76,19,Mixed,102.32,Pre-harvest
Tomato,Karnataka,Sandy,7.21,187.48,61.85,117.33,1.62,22.94,792.49,22.07,15,Compost,183.18,Mid growth
Tomato,Karnataka,Peaty,6.02,131.82,52.28,122.91,1.71,36.17,950.62,24.27,12,Compost,139.23,Pre-harvest
Potato,Andhra Pradesh,Sandy,6.01,140.85,44.87,126.43,1.34,23.94,878.08,26.0,14,Potash,118.96,Mid growth
Groundnut,Maharashtra,Sandy,6.16,138.34,31.5,138.04,1.07,25.18,700.74,25.79,19,Potash,118.36,Pre-harvest
Sugarcane,Gujarat,Peaty,6.72,127.26,57.2,127.7,1.43,25.85,1088.63,25.9,20,Mixed,141.72,After sowing
Wheat,Andhra Pradesh,Sandy,7.12,108.95,27.91,136.75,1.34,36.71,429.19,28.99,16,Urea,191.36,After sowing
Wheat,Gujarat,Sandy,7.14,111.74,43.16,129.02,0.82,20.15,438.32,29.84,18,Urea,139.73,Before sowing
Tomato,Karnataka,Clay,7.48,189.1,57.59,145.22,1.71,23.43,889.11,25.41,6,Compost,176.74,After sowing
Millet,Gujarat,Clay,6.63,121.16,32.45,99.21,1.21,38.38,583.34,26.23,4,Potash,179.44,After sowing
Maize,Tamil Nadu,Clay,6.73,144.41,37.4,128.74,0.86,34.24,697.17,23.45,12,Compost,102.81,Before sowing
Soybean,Andhra Pradesh,Peaty,6.03,144.05,42.35,134.79,1.1,25.67,594.76,28.39,8,Potash,112.01,After sowing
Soybean,Andhra Pradesh,Peaty,7.14,121.5,48.49,103.28,1.46,25.22,653.33,30.6,19,Potash,115.85,Before sowing
Tomato,Maharashtra,Clay,6.81,142.83,36.36,118.86,1.33,36.31,813.44,22.42,16,Urea,164.0,After sowing
Soybean,Maharashtra,Peaty,6.41,115.18,39.41,124.49,1.34,39.79,755.95,26.2,11,Urea,158.58,Pre-harvest
Rice,Tamil Nadu,Clay,6.11,124.96,44.34,117.32,1.64,20.34,1023.94,26.73,10,Compost,131.89,After sowing
Rice,Andhra Pradesh,Loamy,6.79,162.41,44.0,139.52,1.37,33.78,1317.07,31.05,9,Compost,154.66,After sowing
Potato,Tamil Nadu,Silty,6.64,152.67,39.07,135.87,1.45,26.55,786.49,18.32,11,Mixed,116.74,After sowing
Tomato,Gujarat,Clay,6.35,153.53,59.14,133.34,1.61,22.0,704.4,25.75,18,Compost,92.77,After sowing
Soybean,Gujarat,Clay,7.18,115.08,38.32,92.65,1.02,32.65,729.98,31.01,17,Urea,93.24,After sowing
Maize,Andhra Pradesh,Sandy,6.65,100.93,42.54,125.63,1.14,29.58,768.41,21.83,7,Urea,83.93,Mid growth
Maize,Karnataka,Loamy,7.42,108.61,27.54,108.95,0.92,25.75,595.35,28.57,9,Urea,153.88,Before sowing
Sugarcane,Karnataka,Peaty,7.09,148.09,45.87,110.69,1.13,36.15,943.47,31.54,9,Urea,195.98,Before sowing
Soybean,Andhra Pradesh,Peaty,6.09,150.04,39.36,144.28,1.12,23.36,500.93,31.09,19,Mixed,161.04,Mid growth
Millet,Tamil Nadu,Loamy,6.14,101.01,27.13,102.38,1.24,31.84,505.38,27.06,10,Urea,117.87,After sowing
Tomato,Maharashtra,Sandy,7.01,151.31,63.53,146.7,1.41,26.43,981.52,22.01,16,Compost,101.49,Pre-harvest
Wheat,Tamil Nadu,Clay,6.39,127.56,31.81,101.57,1.17,31.4,767.1,25.23,8,Mixed,100.61,Pre-harvest
Tomato,Gujarat,Sandy,6.14,168.92,43.24,147.51,1.72,21.11,651.3,24.88,13,Compost,123.73,Pre-harvest
Sugarcane,Gujarat,Sandy,6.22,164.12,34.75,144.5,1.16,26.13,826.19,25.22,18,Potash,190.74,Pre-harvest
Potato,Gujarat,Loamy,7.36,134.21,37.85,143.23,1.32,25.81,789.95,22.4,11,Urea,156.1,Before sowing
Groundnut,Tamil Nadu,Clay,7.3,137.11,35.12,134.33,1.54,28.08,668.12,27.01,17,Compost,120.71,After sowing
Rice,Tamil Nadu,Peaty,6.66,166.97,55.82,131.65,1.15,24.62,1140.49,27.61,13,Compost,170.43,After sowing
Maize,Andhra Pradesh,Sandy,6.44,129.35,47.69,109.86,1.18,21.59,710.75,21.55,14,Mixed,83.4,Pre-harvest
Groundnut,Tamil Nadu,Sandy,5.85,129.32,47.95,148.32,1.28,35.5,683.09,25.0,15,Mixed,125.89,Before sowing
Cotton,Maharashtra,Clay,6.94,158.08,48.36,123.39,1.5,27.75,747.44,30.05,6,Compost,96.97,Pre-harvest
Millet,Andhra Pradesh,Silty,6.51,125.75,39.76,94.86,1.33,29.41,438.24,23.4,9,Potash,101.62,Pre-harvest
Cotton,Andhra Pradesh,Silty,6.36,165.67,50.78,143.81,1.18,38.17,653.4,29.9,6,Mixed,84.96,Mid growth
Potato,Gujarat,Clay,7.12,135.28,55.95,117.24,1.77,20.46,749.76,19.62,12,Compost,128.57,Pre-harvest
Groundnut,Karnataka,Sandy,7.0,131.88,52.94,145.08,1.55,37.39,695.85,30.3,15,Compost,144.85,Before sowing
Maize,Gujarat,Peaty,6.88,148.0,32.6,118.88,1.16,37.01,701.22,20.83,7,Urea,163.74,After sowing
Rice,Karnataka,Sandy,6.03,148.5,48.79,134.96,1.08,26.99,1388.19,34.1,17,Urea,83.29,After sowing
Soybean,Gujarat,Sandy,6.13,113.56,42.81,115.47,1.56,32.87,790.39,32.05,19,Urea,116.06,Before sowing
Tomato,Tamil Nadu,Clay,6.05,144.19,59.94,141.29,1.71,38.0,902.06,21.93,7,Compost,142.59,Before sowing
Wheat,Karnataka,Peaty,6.13,105.76,34.98,95.72,1.15,26.91,725.52,25.03,9,Urea,175.66,Pre-harvest
Groundnut,Tamil Nadu,Sandy,6.56,112.82,39.5,128.92,1.04,36.89,771.71,31.73,4,Urea,161.82,Mid growth
Maize,Gujarat,Clay,6.04,116.01,48.24,137.68,1.17,30.35,626.73,29.72,19,Urea,123.66,Before sowing
Wheat,Tamil Nadu,Clay,5.94,133.6,31.94,104.01,1.0,31.05,564.66,23.0,9,Potash,111.61,Mid growth
Cotton,Gujarat,Silty,6.46,154.59,48.43,116.7,1.12,34.39,567.71,24.02,7,Mixed,107.37,Before sowing
Sugarcane,Gujarat,Loamy,6.56,127.04,46.97,152.65,1.74,31.94,1081.96,28.56,12,Compost,85.22,Pre-harvest
Cotton,Andhra Pradesh,Sandy,6.69,134.38,50.86,127.39,1.48,39.47,538.34,31.85,7,Compost,132.38,Mid growth
Maize,Andhra Pradesh,Clay,6.92,154.14,34.36,117.91,1.43,35.95,613.02,29.05,7,Potash,190.69,Pre-harvest
Groundnut,Gujarat,Silty,7.09,133.5,50.9,110.0,1.53,38.1,653.1,28.62,14,Compost,138.43,Mid growth
Potato,Tamil Nadu,Silty,7.16,186.33,37.18,131.66,1.59,34.62,788.63,18.72,17,Compost,191.55,Mid growth
Soybean,Karnataka,Clay,7.03,128.56,42.12,105.09,1.39,26.46,743.53,26.23,11,Urea,89.73,After sowing
Wheat,Gujarat,Loamy,7.49,152.92,49.06,93.6,0.91,35.71,754.49,22.1,16,Potash,116.21,Mid growth
Groundnut,Karnataka,Silty,7.19,134.48,38.55,116.65,1.15,34.91,734.82,28.71,10,Compost,135.83,Pre-harvest
Millet,Karnataka,Sandy,6.36,136.27,35.39,117.02,1.49,27.28,558.13,24.38,6,Compost,136.58,Mid growth
Maize,Andhra Pradesh,Loamy,6.47,151.33,36.56,90.79,1.48,31.62,511.1,21.94,16,Potash,176.95,Pre-harvest
Maize,Maharashtra,Silty,6.62,128.13,25.02,99.77,1.25,21.11,448.84,23.07,16,DAP,112.86,Mid growth
Wheat,Gujarat,Silty,6.24,139.24,31.64,90.36,1.12,25.2,674.3,25.42,17,Potash,194.06,After sowing
Maize,Maharashtra,Loamy,7.5,153.9,39.53,119.8,1.27,36.6,492.45,24.18,19,Urea,153.15,After sowing
Maize,Karnataka,Loamy,6.74,133.59,33.9,96.15,1.39,24.63,410.05,24.77,20,Potash,91.34,Before sowing
Sugarcane,Karnataka,Clay,7.17,123.86,59.4,108.73,1.27,21.99,1455.7,26.11,11,DAP,148.8,Before sowing
Soybean,Andhra Pradesh,Peaty,6.35,146.65,43.15,130.28,1.36,22.26,756.41,24.02,18,Compost,164.26,After sowing
Cotton,Maharashtra,Silty,6.76,137.62,35.27,108.49,1.45,27.25,832.37,24.07,19,Urea,195.46,After sowing
Rice,Maharashtra,Silty,6.03,173.31,34.43,138.38,1.28,37.88,1287.77,27.1,15,DAP,195.56,Before sowing
Millet,Maharashtra,Clay,6.56,132.32,32.34,113.47,1.3,30.65,755.34,22.61,19,Mixed,192.67,Mid growth
Rice,Maharashtra,Clay,6.28,159.55,44.41,103.96,1.6,28.91,1235.72,33.43,15,Compost,162.02,Pre-harvest
Potato,Karnataka,Peaty,5.81,157.78,41.37,129.81,1.54,20.79,893.1,23.45,11,Compost,190.39,Before sowing
Soybean,Maharashtra,Loamy,6.7,129.16,41.67,144.62,1.11,30.98,737.62,32.75,9,Urea,86.57,Before sowing
Wheat,Maharashtra,Peaty,6.14,135.82,25.75,124.73,1.36,34.54,619.47,23.67,8,DAP,88.32,After sowing
Millet,Andhra Pradesh,Sandy,7.05,149.99,40.99,89.35,1.01,34.86,645.33,24.46,12,Potash,140.55,Pre-harvest
Rice,Tamil Nadu,Clay,6.2,168.46,32.43,149.19,1.08,39.35,852.58,31.53,18,Compost,138.0,Before sowing
Tomato,Maharashtra,Silty,6.0,182.21,48.63,119.34,1.62,20.06,720.44,25.34,16,Compost,186.31,After sowing
Potato,Tamil Nadu,Peaty,6.51,171.4,62.7,157.58,1.33,27.03,765.88,26.2,19,Potash,156.13,Before sowing
Maize,Andhra Pradesh,Sandy,6.69,127.51,38.55,133.92,1.34,39.33,626.83,22.93,6,Potash,98.5,After sowing
Wheat,Karnataka,Sandy,6.91,159.8,43.23,132.96,0.98,28.35,410.54,28.15,20,Potash,89.97,After sowing
Rice,Tamil Nadu,Loamy,6.95,153.68,59.38,130.5,1.11,20.64,924.8,32.1,16,Mixed,180.2,After sowing
Maize,Maharashtra,Loamy,6.14,131.35,47.03,88.28,1.35,38.87,496.87,22.74,10,Potash,120.4,Pre-harvest
Tomato,Gujarat,Peaty,7.23,159.97,59.61,119.09,1.26,24.08,635.53,18.73,14,Mixed,122.25,Mid growth
Wheat,Maharashtra,Peaty,7.04,136.19,35.63,106.37,1.04,21.4,726.63,22.56,6,Compost,154.49,Mid growth
Groundnut,Andhra Pradesh,Clay,7.24,132.94,34.76,103.15,1.34,34.8,832.97,24.33,20,Mixed,136.82,Pre-harvest
Potato,Karnataka,Clay,5.95,169.19,46.16,113.7,1.53,36.63,921.34,23.78,14,Compost,112.78,After sowing
Rice,Gujarat,Loamy,7.23,166.8,35.67,148.92,1.67,21.9,862.02,32.74,7,Compost,101.42,Pre-harvest
Groundnut,Gujarat,Peaty,6.36,157.15,44.22,105.97,1.01,37.02,594.36,32.69,12,DAP,122.39,After sowing
Maize,Karnataka,Silty,6.93,109.72,31.28,91.29,1.13,27.3,583.95,28.08,10,Urea,124.08,After sowing
Soybean,Andhra Pradesh,Loamy,6.22,165.14,49.46,127.17,1.44,29.55,817.54,30.74,5,Mixed,144.89,Before sowing
Potato,Karnataka,Sandy,7.08,134.68,38.01,156.8,1.68,26.83,859.09,18.82,5,Compost,94.33,After sowing
Groundnut,Gujarat,Loamy,6.17,130.15,51.46,124.24,1.51,26.99,563.87,30.19,16,Compost,193.96,Mid growth
Groundnut,Maharashtra,Loamy,7.28,167.22,33.7,149.77,1.49,22.47,891.2,32.52,17,Potash,194.9,Before sowing
Groundnut,Karnataka,Sandy,6.9,145.24,37.09,129.15,1.31,36.62,575.23,28.64,6,Potash,171.51,Pre-harvest
Groundnut,Tamil Nadu,Sandy,7.25,140.28,50.76,149.09,1.49,36.43,550.31,25.11,14,Potash,123.92,Pre-harvest
Millet,Karnataka,Peaty,6.57,103.66,41.52,131.52,1.11,35.05,758.83,28.94,16,Urea,195.25,After sowing
Rice,Andhra Pradesh,Clay,6.46,176.01,39.0,149.43,1.1,34.02,1272.23,25.13,11,Urea,128.92,Before sowing
Groundnut,Gujarat,Peaty,6.58,156.25,50.28,98.83,1.14,32.95,708.71,29.39,5,Potash,127.91,Pre-harvest
Cotton,Gujarat,Clay,6.05,113.55,50.96,95.48,1.17,23.25,893.09,25.46,18,Urea,162.92,Pre-harvest
Millet,Andhra Pradesh,Clay,6.59,123.47,49.54,96.6,0.89,29.38,677.74,28.11,12,Potash,115.97,Pre-harvest
Millet,Karnataka,Peaty,7.46,157.21,33.78,99.46,1.37,38.12,514.67,27.76,7,Potash,181.39,Pre-harvest
Millet,Tamil Nadu,Sandy,6.81,141.57,29.2,85.65,1.1,32.94,637.42,25.48,12,DAP,145.63,After sowing
Groundnut,Tamil Nadu,Peaty,7.23,158.79,48.88,131.68,1.47,37.44,854.06,31.67,8,Compost,80.23,Mid growth
Millet,Maharashtra,Sandy,7.07,150.41,31.38,125.62,1.48,39.61,631.32,24.73,17,Potash,180.79,Before sowing
Potato,Gujarat,Loamy,6.2,160.29,36.8,144.57,1.71,34.74,916.15,19.66,19,Compost,149.52,After sowing
Groundnut,Maharashtra,Sandy,6.66,132.05,36.63,94.74,1.55,21.51,641.08,24.19,9,Potash,107.89,Pre-harvest
Millet,Gujarat,Loamy,7.28,110.84,26.88,87.47,1.23,30.63,431.5,20.16,8,Urea,168.17,Mid growth
Tomato,Gujarat,Silty,6.28,166.34,53.84,135.44,1.77,21.24,938.46,23.52,15,Compost,147.8,Mid growth
Groundnut,Gujarat,Loamy,6.47,158.95,53.05,128.64,1.16,33.71,706.22,25.31,16,Potash,180.84,After sowing
Millet,Tamil Nadu,Clay,6.39,155.64,40.49,97.25,1.45,23.15,504.58,20.09,4,Potash,95.7,Before sowing
Groundnut,Andhra Pradesh,Silty,6.52,121.79,45.89,91.46,1.36,24.95,704.6,24.48,13,Potash,177.34,After sowing
Groundnut,Maharashtra,Silty,7.27,138.73,38.02,134.56,1.26,22.81,830.12,24.77,19,DAP,151.47,Mid growth
Maize,Andhra Pradesh,Loamy,5.9,141.39,33.19,132.03,1.34,31.44,485.72,27.47,17,Mixed,164.25,After sowing
Potato,Karnataka,Silty,7.3,185.95,52.25,123.92,1.54,20.65,734.96,25.86,16,Compost,86.66,After sowing
Potato,Gujarat,Loamy,6.22,151.76,52.83,127.81,1.43,38.19,917.78,19.76,12,Urea,131.71,Mid growth
Maize,Andhra Pradesh,Peaty,6.12,118.61,47.51,131.05,0.92,23.76,560.09,28.52,15,Urea,133.86,Before sowing
Groundnut,Andhra Pradesh,Clay,6.07,114.06,46.75,133.96,1.52,31.59,792.34,32.76,9,Urea,196.73,Pre-harvest
Sugarcane,Gujarat,Peaty,6.9,126.12,59.64,134.37,1.29,33.23,857.75,26.08,14,Potash,164.81,Mid growth
Sugarcane,Maharashtra,Loamy,6.48,143.04,45.07,132.67,1.41,21.48,900.02,32.48,20,Compost,153.5,Before sowing
Maize,Gujarat,Silty,6.8,152.03,49.4,97.54,1.28,22.95,737.08,28.96,18,Potash,189.77,Before sowing
Potato,Karnataka,Sandy,7.27,156.45,38.04,118.59,1.61,29.8,848.04,18.84,17,Compost,87.87,Mid growth
Groundnut,Karnataka,Silty,6.07,144.89,33.75,128.78,1.52,25.62,674.28,30.84,10,Compost,157.37,Mid growth
Wheat,Karnataka,Silty,6.53,119.09,40.34,108.52,1.18,27.49,459.47,28.7,20,Urea,106.88,Pre-harvest
Potato,Karnataka,Clay,5.83,159.9,62.72,120.24,1.29,31.37,945.53,26.4,19,Compost,192.87,Before sowing
Tomato,Maharashtra,Clay,6.17,156.83,45.08,153.46,1.43,24.79,645.08,20.51,8,Urea,190.84,Mid growth
Sugarcane,Karnataka,Peaty,6.31,164.31,45.26,153.78,1.7,34.46,1019.03,31.71,18,Compost,181.07,Mid growth
Tomato,Andhra Pradesh,Clay,6.42,180.74,53.73,128.28,1.43,31.85,919.95,23.45,13,Urea,183.39,Mid growth
Sugarcane,Maharashtra,Loamy,6.64,156.12,34.98,129.54,1.72,30.59,1195.57,25.69,11,Compost,181.72,Pre-harvest
Maize,Karnataka,Silty,6.84,131.78,28.13,124.04,1.35,37.34,792.78,26.91,7,DAP,97.36,Pre-harvest
Maize,Gujarat,Sandy,6.82,154.08,32.51,122.23,1.15,20.02,637.21,29.6,9,Potash,114.71,Mid growth
Soybean,Karnataka,Clay,7.36,144.1,32.37,142.43,1.26,32.03,782.03,27.98,14,Mixed,114.84,Pre-harvest
Groundnut,Karnataka,Silty,6.65,129.71,40.09,117.29,1.03,27.97,717.03,30.94,13,Potash,103.73,Pre-harvest
Wheat,Tamil Nadu,Peaty,6.31,114.02,44.14,89.39,1.17,22.11,709.33,26.47,10,Urea,186.8,Before sowing
Soybean,Maharashtra,Sandy,6.38,122.95,49.54,141.28,1.27,28.04,885.54,28.42,15,Compost,117.83,Mid growth
Sugarcane,Maharashtra,Clay,7.11,177.04,47.75,119.03,1.13,34.41,1339.45,30.08,20,Mixed,108.03,Pre-harvest
Groundnut,Tamil Nadu,Sandy,6.92,144.6,33.5,92.69,1.21,20.4,860.48,29.2,16,Potash,125.25,Before sowing
Groundnut,Gujarat,Loamy,7.33,119.86,52.6,144.02,1.52,35.58,848.9,31.17,9,Urea,158.65,Pre-harvest
Groundnut,Andhra Pradesh,Silty,6.77,143.99,42.69,100.77,1.21,20.66,734.63,26.01,18,Potash,93.89,Pre-harvest
Millet,Maharashtra,Peaty,7.06,152.66,48.49,102.71,1.39,23.97,480.99,22.81,4,Compost,127.66,Before sowing
Cotton,Karnataka,Clay,6.6,149.17,41.29,127.01,1.47,33.11,869.12,28.19,4,Compost,161.92,After sowing
Tomato,Andhra Pradesh,Loamy,7.17,157.81,50.26,130.57,1.79,34.7,889.7,23.34,10,Compost,147.07,After sowing
Rice,Maharashtra,Sandy,6.32,131.7,39.29,103.67,1.19,26.08,1016.23,32.63,20,Mixed,113.4,Pre-harvest
Rice,Maharashtra,Clay,6.22,149.15,46.1,116.33,1.22,34.68,1361.84,32.16,18,Urea,124.01,Mid growth
Groundnut,Maharashtra,Loamy,6.68,114.33,32.76,140.41,1.51,28.85,858.85,29.89,7,Urea,170.06,Mid growth
Wheat,Gujarat,Clay,6.17,120.51,48.91,93.62,0.98,24.28,571.04,20.21,5,Potash,166.83,Mid growth
Rice,Maharashtra,Sandy,6.46,137.95,33.62,136.98,1.64,32.12,1259.41,32.59,19,Compost,135.29,Mid growth
Maize,Gujarat,Sandy,6.56,155.47,31.85,101.31,1.42,37.78,727.77,26.93,6,Potash,179.32,Before sowing
Tomato,Karnataka,Clay,6.16,187.35,41.03,154.14,1.5,29.78,682.99,21.9,14,Potash,143.39,Pre-harvest
Millet,Tamil Nadu,Loamy,6.74,159.94,34.37,99.78,0.84,35.76,719.07,29.23,18,Potash,193.1,Mid growth
Maize,Tamil Nadu,Clay,7.21,116.07,29.31,80.99,1.46,30.23,559.01,21.61,11,Urea,121.66,After sowing
Millet,Tamil Nadu,Silty,6.94,135.83,35.12,125.02,0.98,27.66,705.63,20.62,5,Urea,137.31,Pre-harvest
Millet,Gujarat,Clay,7.06,101.55,36.81,90.05,1.35,25.77,696.24,29.4,15,Urea,90.45,Pre-harvest
Tomato,Karnataka,Sandy,6.31,142.4,45.51,159.71,1.51,28.72,944.37,22.96,7,Compost,82.75,Mid growth
Potato,Andhra Pradesh,Silty,7.31,173.49,50.68,150.2,1.29,31.57,805.32,20.33,19,Urea,196.95,Pre-harvest
Sugarcane,Maharashtra,Silty,6.11,172.24,39.34,120.99,1.44,29.35,998.68,31.97,13,Potash,118.25,Mid growth
Cotton,Andhra Pradesh,Silty,7.08,155.2,33.64,102.97,1.58,27.29,734.32,24.85,18,Compost,157.8,Pre-harvest
Rice,Tamil Nadu,Sandy,6.04,148.88,42.13,154.44,1.48,25.78,994.65,28.97,11,Mixed,174.14,Mid growth
Soybean,Andhra Pradesh,Silty,6.12,161.46,34.99,135.38,1.18,28.96,739.88,28.5,16,Urea,89.22,Before sowing
Sugarcane,Gujarat,Peaty,7.15,179.93,37.28,109.04,1.46,23.04,987.84,34.88,18,Potash,114.3,Pre-harvest
Rice,Karnataka,Sandy,6.64,148.89,44.08,155.85,1.46,22.88,1314.63,30.57,15,Potash,119.82,Pre-harvest
Potato,Gujarat,Clay,6.42,174.0,49.1,126.14,1.35,22.48,895.19,18.17,11,Mixed,194.89,After sowing
Maize,Maharashtra,Silty,6.03,105.43,42.75,93.19,1.05,29.8,642.64,21.21,20,Urea,130.43,Mid growth
Groundnut,Maharashtra,Silty,6.22,123.78,41.53,110.49,1.16,21.01,790.92,27.01,18,DAP,183.57,After sowing
Groundnut,Tamil Nadu,Peaty,5.97,169.58,49.9,112.72,1.18,27.87,680.99,26.81,20,Urea,91.1,Pre-harvest
Soybean,Maharashtra,Clay,6.68,138.63,40.92,101.44,1.03,29.7,519.36,29.74,20,Compost,140.4,Pre-harvest
Maize,Maharashtra,Loamy,6.43,106.18,26.59,138.34,1.17,27.33,411.61,23.8,11,Urea,177.17,Mid growth
Wheat,Maharashtra,Silty,6.83,123.04,44.05,102.35,1.46,26.19,459.58,21.06,20,DAP,189.58,After sowing
Maize,Maharashtra,Silty,6.52,135.57,47.84,88.9,1.27,26.0,746.03,26.45,11,Potash,88.64,Mid growth
Cotton,Andhra Pradesh,Peaty,6.35,145.98,33.67,106.59,1.4,37.17,677.29,31.0,4,Mixed,123.03,Before sowing
Tomato,Karnataka,Loamy,6.34,166.94,35.97,132.27,1.65,23.43,614.39,24.98,16,Compost,95.1,Mid growth
Tomato,Maharashtra,Clay,7.35,147.76,38.05,117.86,1.34,33.87,961.52,25.17,15,Urea,131.5,Mid growth
Maize,Andhra Pradesh,Loamy,7.29,106.89,25.27,92.13,0.97,22.65,695.76,23.41,17,Urea,166.02,Before sowing
Cotton,Tamil Nadu,Silty,6.34,111.43,41.92,142.13,1.02,26.43,859.24,30.69,11,Urea,148.39,Pre-harvest
Soybean,Karnataka,Loamy,7.08,126.18,47.47,129.68,1.09,26.9,633.48,26.67,8,Potash,124.22,Mid growth
Potato,Gujarat,Clay,7.04,185.27,44.92,140.64,1.77,36.84,964.53,19.21,14,Compost,93.68,Before sowing
Groundnut,Gujarat,Peaty,6.94,155.48,50.56,134.5,1.33,35.07,807.98,32.03,5,Mixed,185.48,Mid growth
Tomato,Tamil Nadu,Loamy,7.35,144.18,60.0,139.61,1.22,26.89,782.26,27.73,7,Potash,82.57,Before sowing
Tomato,Tamil Nadu,Loamy,6.5,152.12,60.35,123.02,1.68,35.57,947.46,19.96,6,Compost,128.44,Mid growth
Wheat,Maharashtra,Clay,6.87,158.24,42.88,124.32,1.35,33.24,416.78,22.02,9,Mixed,113.23,Pre-harvest
Sugarcane,Karnataka,Loamy,6.47,131.06,59.81,122.57,1.21,25.5,896.07,33.64,12,Urea,138.29,After sowing
Rice,Karnataka,Sandy,6.2,131.14,46.95,135.6,1.4,20.32,1191.45,27.67,7,Mixed,84.81,Pre-harvest
Millet,Tamil Nadu,Clay,6.16,113.72,39.35,105.12,1.13,35.71,661.23,25.94,9,Urea,157.5,Before sowing
Groundnut,Maharashtra,Loamy,7.16,116.89,49.74,108.86,1.44,23.89,612.07,26.96,12,Urea,167.59,After sowing
Maize,Maharashtra,Silty,6.81,126.36,42.59,82.44,1.1,27.49,563.17,22.24,13,Potash,160.43,Mid growth
Maize,Andhra Pradesh,Sandy,7.03,115.31,47.63,134.04,0.99,35.87,571.61,23.09,10,Urea,168.27,After sowing
Soybean,Karnataka,Peaty,5.92,128.28,32.47,125.79,1.31,34.39,755.9,30.24,13,DAP,99.13,Pre-harvest
Tomato,Andhra Pradesh,Silty,6.45,175.73,38.24,126.2,1.29,20.95,815.86,22.64,17,Potash,116.04,Before sowing
Groundnut,Karnataka,Peaty,5.95,136.02,41.19,133.85,1.08,29.23,849.61,32.5,9,Mixed,189.13,Pre-harvest
Sugarcane,Gujarat,Loamy,5.89,178.71,51.78,104.46,1.26,38.39,966.37,32.37,20,Mixed,94.62,Mid growth
Cotton,Karnataka,Loamy,7.19,151.59,36.08,101.96,1.11,33.78,828.59,25.59,18,DAP,147.55,Pre-harvest
Rice,Maharashtra,Sandy,5.95,136.63,38.02,134.76,1.19,31.42,917.97,26.72,8,DAP,142.16,Before sowing
Wheat,Tamil Nadu,Peaty,7.29,122.18,29.61,84.75,1.34,27.02,647.19,29.12,7,DAP,131.47,Mid growth
Sugarcane,Andhra Pradesh,Peaty,6.19,131.69,34.14,133.57,1.35,39.58,903.03,27.15,15,Compost,111.29,Before sowing
Sugarcane,Tamil Nadu,Silty,5.93,163.63,39.02,155.4,1.5,39.5,968.65,27.18,20,Mixed,84.25,Before sowing
Rice,Karnataka,Peaty,6.83,125.42,30.58,110.56,1.23,34.71,1341.21,33.94,7,Potash,107.23,Mid growth
Rice,Gujarat,Silty,6.38,167.22,50.55,135.41,1.25,32.9,827.82,26.61,7,Compost,119.01,Before sowing
Potato,Maharashtra,Peaty,7.26,187.58,50.2,118.92,1.48,29.16,772.58,21.33,16,Mixed,116.27,Before sowing
Soybean,Maharashtra,Clay,6.28,149.64,50.77,98.92,1.05,33.49,793.32,26.03,10,Potash,112.07,Mid growth
Cotton,Tamil Nadu,Sandy,7.26,152.77,38.9,144.29,1.25,24.41,533.35,26.51,9,Compost,149.95,Before sowing
Groundnut,Tamil Nadu,Peaty,6.38,115.16,40.87,139.14,1.22,39.01,854.63,31.31,19,Urea,83.13,Mid growth
Cotton,Tamil Nadu,Clay,6.22,126.31,33.1,148.22,1.03,32.37,621.96,32.11,10,Mixed,136.14,Before sowing
Maize,Maharashtra,Peaty,7.32,113.94,35.82,122.94,1.3,38.64,678.48,25.85,12,Urea,108.61,Mid growth
Millet,Maharashtra,Sandy,7.28,115.15,41.42,89.12,0.91,22.12,534.76,26.42,7,Urea,192.37,Pre-harvest
Potato,Gujarat,Clay,7.14,171.25,54.14,126.08,1.3,37.75,817.24,18.55,19,DAP,160.98,Before sowing
Potato,Maharashtra,Clay,7.5,175.02,40.03,153.1,1.65,36.49,668.67,21.62,19,Compost,146.38,Pre-harvest
Tomato,Karnataka,Sandy,6.81,153.25,48.75,116.05,1.59,38.59,871.81,18.36,4,Compost,149.61,Before sowing
Potato,Andhra Pradesh,Loamy,7.01,167.99,51.49,120.5,1.33,28.66,914.8,26.47,9,DAP,153.73,Mid growth
Tomato,Tamil Nadu,Sandy,7.03,131.41,39.12,151.51,1.36,35.72,684.54,19.84,19,Mixed,99.93,Pre-harvest
Tomato,Tamil Nadu,Silty,7.17,140.84,41.29,113.89,1.67,26.83,768.11,23.96,9,Compost,169.14,After sowing
Cotton,Andhra Pradesh,Silty,6.5,166.15,37.16,127.11,1.24,27.09,628.08,26.15,9,Mixed,151.74,Mid growth
Potato,Andhra Pradesh,Loamy,7.09,162.78,64.8,138.71,1.55,27.5,639.27,23.39,8,Compost,145.88,Before sowing
Cotton,Maharashtra,Silty,5.85,137.27,39.41,102.37,1.19,31.58,512.57,26.37,16,DAP,120.5,After sowing
Soybean,Karnataka,Clay,5.95,128.71,41.84,145.23,1.1,32.74,705.29,32.09,19,Potash,97.41,Before sowing
Cotton,Karnataka,Peaty,7.43,144.98,46.6,105.73,1.39,24.87,831.82,30.82,15,Mixed,163.77,Mid growth
Sugarcane,Andhra Pradesh,Peaty,5.99,142.75,39.01,128.95,1.05,36.82,936.05,33.2,14,Mixed,150.95,Mid growth
Soybean,Karnataka,Peaty,7.06,117.52,35.85,147.55,1.24,33.62,844.54,25.46,12,Urea,175.4,After sowing
Sugarcane,Andhra Pradesh,Clay,6.51,134.34,46.29,137.51,1.79,36.25,1133.33,25.68,16,Compost,110.83,After sowing
Cotton,Tamil Nadu,Loamy,5.92,116.96,34.62,90.37,1.11,32.64,789.58,31.14,8,Urea,162.26,After sowing
Potato,Maharashtra,Silty,6.12,131.45,44.53,135.72,1.63,39.42,881.4,22.45,4,Compost,126.36,Mid growth
Potato,Maharashtra,Silty,6.48,175.33,63.37,119.05,1.78,27.38,821.31,25.32,18,Compost,187.31,Pre-harvest
Sugarcane,Karnataka,Silty,6.12,147.26,37.0,136.9,1.33,25.94,949.7,32.85,12,Potash,118.86,After sowing
Soybean,Maharashtra,Silty,6.95,131.67,42.71,141.53,1.11,23.98,750.61,32.43,16,Mixed,82.02,Pre-harvest
Cotton,Tamil Nadu,Peaty,6.61,142.1,31.88,101.01,1.46,32.25,602.84,30.72,16,Mixed,173.62,After sowing
Soybean,Tamil Nadu,Peaty,7.41,116.01,47.8,101.64,1.49,30.25,547.91,26.38,20,Urea,167.62,Before sowing
Soybean,Andhra Pradesh,Sandy,7.07,161.81,33.46,121.42,1.16,32.92,829.01,27.77,15,Potash,125.92,Pre-harvest
Maize,Andhra Pradesh,Loamy,7.44,135.75,37.36,102.68,1.29,27.44,677.27,27.08,16,Mixed,112.63,Mid growth
Sugarcane,Tamil Nadu,Sandy,6.02,130.7,41.34,123.01,1.34,38.92,1446.35,29.4,7,Mixed,85.34,Mid growth
Maize,Gujarat,Sandy,6.89,145.52,40.93,84.89,1.11,33.64,501.72,23.42,16,Potash,167.24,Pre-harvest
Millet,Andhra Pradesh,Loamy,6.78,130.47,31.04,105.06,1.5,37.6,547.62,27.53,13,Urea,134.78,Before sowing
Soybean,Karnataka,Clay,6.94,115.47,49.98,131.66,1.44,20.99,603.93,25.98,4,Urea,162.18,Before sowing
Cotton,Tamil Nadu,Silty,6.03,162.57,32.36,149.91,1.01,24.82,813.06,32.32,6,Compost,127.95,After sowing
Potato,Andhra Pradesh,Sandy,6.46,149.59,40.39,135.33,1.52,25.38,855.64,22.04,13,Compost,153.73,After sowing
Potato,Tamil Nadu,Sandy,5.9,178.84,56.24,155.58,1.47,30.62,805.08,27.28,8,Urea,107.17,Pre-harvest
Sugarcane,Andhra Pradesh,Silty,6.05,176.84,58.29,126.28,1.25,36.23,875.88,32.77,12,DAP,85.86,Pre-harvest
Tomato,Tamil Nadu,Clay,6.17,181.92,46.62,144.31,1.63,31.21,750.23,23.13,9,Compost,140.95,After sowing
Potato,Maharashtra,Peaty,7.28,151.7,35.76,149.87,1.65,37.23,795.67,26.01,19,Compost,187.77,Before sowing
Rice,Karnataka,Clay,5.92,151.63,41.77,126.51,1.5,34.72,1264.44,29.74,13,DAP,130.41,After sowing
Maize,Gujarat,Loamy,6.59,147.64,31.73,121.9,1.04,35.56,583.25,24.47,16,Mixed,195.91,After sowing
Soybean,Karnataka,Peaty,6.44,155.23,44.85,95.98,1.29,32.35,713.9,24.81,17,Potash,174.54,Before sowing
Tomato,Tamil Nadu,Silty,6.28,153.28,59.16,159.34,1.26,26.92,971.08,19.21,8,Potash,154.31,Mid growth
Cotton,Karnataka,Loamy,6.62,131.79,39.76,124.71,1.22,20.33,897.07,24.77,18,Mixed,196.6,After sowing
Maize,Gujarat,Sandy,6.89,105.88,45.39,87.32,1.16,38.54,457.17,21.6,10,Urea,107.32,After sowing
Maize,Andhra Pradesh,Sandy,6.76,151.82,30.34,87.11,0.92,36.33,729.72,24.59,17,Potash,117.2,After sowing
Groundnut,Andhra Pradesh,Peaty,5.92,125.0,38.01,115.35,1.35,30.27,568.22,28.02,13,Mixed,94.14,Before sowing
Potato,Andhra Pradesh,Clay,7.04,172.03,64.84,133.34,1.3,27.06,991.28,18.37,12,Potash,86.6,After sowing
Cotton,Maharashtra,Sandy,6.85,126.68,32.06,131.57,1.36,37.87,561.5,26.98,15,Potash,116.76,Pre-harvest
Rice,Andhra Pradesh,Clay,7.21,153.71,41.07,155.81,1.33,24.39,964.32,32.14,16,DAP,178.88,Pre-harvest
Millet,Karnataka,Loamy,6.42,125.64,47.85,112.41,1.14,32.9,603.32,29.15,12,DAP,184.34,Before sowing
Soybean,Andhra Pradesh,Loamy,6.14,154.14,32.36,115.57,1.39,37.49,849.88,26.91,9,Mixed,105.05,Before sowing
Soybean,Gujarat,Loamy,5.88,123.74,49.29,138.91,1.16,23.17,778.4,25.15,15,Potash,136.03,Pre-harvest
Sugarcane,Tamil Nadu,Clay,7.45,174.6,54.2,120.34,1.2,36.41,1070.22,34.01,4,Urea,117.96,Pre-harvest
Tomato,Maharashtra,Silty,6.61,163.7,64.15,143.58,1.72,32.77,720.95,19.0,15,Compost,148.12,After sowing
Groundnut,Karnataka,Silty,6.6,165.87,50.31,147.4,1.04,24.03,791.0,28.0,4,Compost,135.7,After sowing
Millet,Tamil Nadu,Clay,6.27,121.42,26.88,119.14,0.84,32.87,607.23,26.09,11,DAP,138.55,Before sowing
Potato,Karnataka,Clay,6.87,130.91,47.13,128.99,1.25,27.04,840.75,18.21,14,Potash,166.8,Mid growth
Rice,Maharashtra,Sandy,6.92,142.32,50.09,139.78,1.56,32.95,901.14,25.66,7,Compost,138.47,Pre-harvest
Sugarcane,Tamil Nadu,Sandy,6.43,164.9,39.22,153.32,1.47,22.68,1009.84,34.42,20,Urea,87.27,After sowing
Cotton,Gujarat,Silty,6.03,167.39,38.56,133.28,1.59,21.73,826.75,27.38,16,Compost,188.66,Mid growth
Sugarcane,Tamil Nadu,Clay,7.15,136.85,52.81,120.89,1.64,26.33,1287.29,32.84,7,Compost,113.21,Mid growth
Soybean,Maharashtra,Loamy,6.61,115.63,54.56,110.7,1.14,28.12,797.39,30.7,20,Urea,199.06,Mid growth
Tomato,Andhra Pradesh,Peaty,6.38,141.46,55.39,145.87,1.29,36.45,910.73,27.92,18,DAP,180.49,Mid growth
Cotton,Tamil Nadu,Sandy,7.08,169.53,41.41,128.09,1.34,31.37,599.11,29.83,17,Compost,112.42,Mid growth
Sugarcane,Maharashtra,Clay,6.98,153.73,55.35,116.06,1.26,36.98,921.05,25.47,8,Potash,149.53,Before sowing
Rice,Tamil Nadu,Peaty,7.1,139.67,57.64,158.39,1.05,38.65,1262.45,25.7,4,DAP,86.79,Pre-harvest
Cotton,Karnataka,Clay,6.99,152.2,47.2,141.51,1.56,30.58,592.58,30.36,6,Compost,90.16,After sowing
Cotton,Maharashtra,Silty,7.24,147.56,36.21,131.22,1.16,21.22,765.98,31.61,7,Mixed,120.93,After sowing
Maize,Tamil Nadu,Silty,7.27,123.91,27.39,133.19,0.92,30.73,471.64,22.32,19,DAP,117.94,Mid growth
Maize,Tamil Nadu,Clay,6.76,145.04,43.28,88.7,1.11,35.44,610.66,23.07,18,Potash,135.15,Mid growth
Cotton,Andhra Pradesh,Peaty,7.01,123.7,48.7,103.58,1.51,32.0,734.68,31.56,9,Compost,101.45,Before sowing
Groundnut,Andhra Pradesh,Sandy,7.45,118.89,54.33,94.59,1.49,28.36,818.56,32.3,18,Urea,122.82,After sowing
Cotton,Gujarat,Sandy,6.46,147.02,43.64,98.81,1.18,37.98,766.33,32.27,11,Potash,187.92,Pre-harvest
Wheat,Andhra Pradesh,Sandy,7.29,151.91,32.34,130.34,0.97,39.34,791.51,27.66,7,Urea,149.92,After sowing
Potato,Andhra Pradesh,Sandy,7.26,154.39,63.03,150.13,1.49,35.74,747.33,25.11,5,Urea,132.88,Pre-harvest
Millet,Maharashtra,Loamy,6.57,125.17,26.27,130.95,0.96,27.71,714.91,27.52,10,DAP,139.56,Before sowing
Maize,Maharashtra,Sandy,6.95,104.39,31.65,121.76,0.83,28.92,677.62,25.98,4,Urea,88.82,Pre-harvest
Maize,Karnataka,Peaty,7.17,139.44,36.29,139.48,1.44,39.0,612.64,28.75,12,DAP,125.12,Mid growth
Soybean,Gujarat,Clay,6.84,169.69,39.13,131.0,1.39,26.39,545.94,24.13,13,DAP,195.78,Mid growth
Maize,Tamil Nadu,Clay,6.95,146.7,32.75,130.21,0.88,25.6,729.45,27.18,11,Mixed,187.92,After sowing
Cotton,Gujarat,Clay,6.15,134.34,31.51,100.53,1.02,29.23,642.44,28.89,17,Urea,97.91,Mid growth
Potato,Tamil Nadu,Clay,6.94,144.18,49.9,122.76,1.3,39.59,890.34,25.06,13,Compost,151.58,Pre-harvest
Wheat,Karnataka,Silty,6.55,134.27,47.83,89.41,1.5,23.41,703.24,26.39,9,Potash,187.05,Pre-harvest
Tomato,Andhra Pradesh,Loamy,6.1,167.5,45.52,151.18,1.62,37.2,687.92,26.89,6,Compost,105.52,Pre-harvest
Rice,Andhra Pradesh,Loamy,7.46,177.71,50.11,108.5,1.1,23.33,1457.14,32.59,14,Mixed,111.82,After sowing
Tomato,Maharashtra,Peaty,7.11,173.62,49.52,113.98,1.69,29.96,737.8,18.54,10,Compost,191.42,Mid growth
Tomato,Karnataka,Clay,7.09,138.83,39.33,132.44,1.61,27.14,981.23,21.85,18,Compost,82.82,Mid growth
Wheat,Karnataka,Peaty,6.41,103.93,49.56,127.32,1.19,25.27,416.96,25.51,8,Urea,135.67,Mid growth
Cotton,Andhra Pradesh,Sandy,7.18,149.51,45.65,119.86,1.4,29.85,885.61,24.92,14,DAP,124.0,Mid growth
Soybean,Karnataka,Peaty,7.21,126.23,40.34,126.16,1.2,23.75,867.38,30.97,13,Compost,116.37,Pre-harvest
Potato,Andhra Pradesh,Loamy,5.8,136.88,58.26,132.04,1.52,21.72,779.3,19.93,6,Compost,99.16,Before sowing
Millet,Andhra Pradesh,Silty,6.71,123.27,43.24,115.62,1.26,39.04,763.28,23.45,19,Potash,193.15,Pre-harvest
Maize,Karnataka,Clay,6.07,115.49,28.13,130.88,0.88,34.31,769.92,20.1,4,Urea,179.53,Mid growth
Wheat,Andhra Pradesh,Peaty,7.06,149.37,35.15,133.77,0.93,38.62,491.76,28.31,4,Mixed,124.07,Mid growth
Groundnut,Karnataka,Sandy,6.59,149.08,46.52,140.88,1.16,38.38,638.66,30.79,5,Mixed,116.21,Pre-harvest
Tomato,Tamil Nadu,Sandy,7.47,176.23,39.88,125.63,1.36,26.14,864.66,26.11,16,Mixed,174.67,Pre-harvest
Groundnut,Karnataka,Peaty,6.0,146.26,39.49,146.23,1.23,37.33,792.19,27.02,7,DAP,129.9,Pre-harvest
Tomato,Maharashtra,Loamy,6.19,187.68,47.65,153.27,1.68,38.15,746.47,19.71,13,Compost,177.66,After sowing
Sugarcane,Andhra Pradesh,Sandy,7.04,157.05,45.58,125.4,1.04,25.65,1139.06,30.95,4,DAP,193.93,After sowing
Cotton,Gujarat,Sandy,7.21,126.02,35.14,105.27,1.5,24.01,870.89,30.55,7,Compost,115.46,After sowing
Wheat,Gujarat,Silty,7.17,135.18,38.8,102.29,1.47,31.51,645.64,23.66,17,Mixed,145.57,Pre-harvest
Soybean,Tamil Nadu,Sandy,6.78,141.21,45.47,112.28,1.12,25.92,564.68,32.71,12,Mixed,160.53,Before sowing
Rice,Gujarat,Loamy,7.45,176.27,32.58,110.97,1.4,30.91,1223.46,32.9,17,Potash,190.72,Mid growth
Groundnut,Andhra Pradesh,Clay,5.88,145.03,31.54,100.21,1.37,40.0,822.73,29.22,9,Compost,99.11,After sowing
Potato,Tamil Nadu,Sandy,6.84,145.22,61.2,126.17,1.26,39.54,850.24,25.61,7,Urea,109.78,Pre-harvest
Millet,Tamil Nadu,Silty,7.01,124.71,43.38,83.61,1.38,21.7,673.21,27.44,9,Potash,126.44,Mid growth
Sugarcane,Karnataka,Peaty,6.19,154.66,55.39,116.64,1.69,36.91,1168.8,30.87,13,Compost,132.94,Before sowing
Sugarcane,Karnataka,Clay,5.85,122.99,41.94,147.55,1.29,21.23,1271.08,26.21,18,Compost,174.93,Before sowing
Rice,Maharashtra,Silty,6.27,170.31,58.25,109.81,1.55,21.43,1294.3,28.84,4,Compost,83.22,Mid growth
Rice,Maharashtra,Silty,7.16,176.76,48.54,140.23,1.67,23.34,1335.6,25.07,20,Compost,192.43,Pre-harvest
Groundnut,Andhra Pradesh,Peaty,6.52,168.87,48.99,91.07,1.24,29.05,782.75,28.58,14,Potash,94.63,Pre-harvest
Cotton,Tamil Nadu,Clay,7.02,158.19,50.37,134.29,1.56,29.43,589.66,24.86,5,Compost,148.95,Pre-harvest
Rice,Karnataka,Sandy,6.54,154.83,35.64,128.73,1.21,37.21,1454.66,31.91,12,DAP,132.37,Mid growth
Wheat,Andhra Pradesh,Clay,7.02,121.8,37.85,89.17,0.98,31.15,774.12,25.62,5,Potash,175.73,After sowing
Wheat,Gujarat,Peaty,5.87,133.61,43.76,124.6,1.31,24.3,725.07,22.99,11,Potash,103.93,After sowing
Groundnut,Maharashtra,Sandy,6.41,119.67,33.92,135.79,1.06,28.19,643.73,27.43,8,Urea,166.79,Before sowing
Cotton,Karnataka,Silty,6.39,154.43,39.86,94.75,1.48,26.76,561.8,29.39,7,Potash,180.0,After sowing
Groundnut,Maharashtra,Peaty,7.1,128.27,37.85,112.33,1.58,31.42,736.6,32.03,7,Compost,154.37,Mid growth
Soybean,Tamil Nadu,Silty,6.53,149.29,36.35,117.13,1.3,30.65,603.95,31.1,11,Mixed,145.56,Mid growth
Soybean,Tamil Nadu,Peaty,6.76,154.44,30.37,115.63,1.46,30.0,688.14,32.86,10,Mixed,123.89,Pre-harvest
Millet,Maharashtra,Peaty,5.87,134.81,43.26,99.81,0.85,30.2,529.48,29.99,4,Potash,86.95,Pre-harvest
Millet,Karnataka,Peaty,6.75,147.28,42.39,85.99,1.36,20.1,698.26,21.78,17,Potash,121.34,After sowing
Groundnut,Maharashtra,Clay,6.49,115.97,54.92,107.24,1.03,21.73,829.3,29.93,19,Urea,135.48,Before sowing
Millet,Karnataka,Silty,6.3,119.8,47.65,89.13,1.03,35.57,643.2,24.91,12,Urea,139.12,Mid growth
Potato,Karnataka,Loamy,7.18,162.04,64.51,138.95,1.58,24.59,867.39,25.98,17,Compost,183.44,Mid growth
Wheat,Maharashtra,Silty,7.0,152.83,28.04,124.97,1.42,26.08,587.56,23.78,19,DAP,102.37,Pre-harvest
Maize,Andhra Pradesh,Sandy,6.31,139.57,45.88,133.21,1.13,22.85,570.35,25.17,13,Urea,93.98,Pre-harvest
Sugarcane,Maharashtra,Clay,6.19,155.05,47.2,118.39,1.33,37.23,885.47,30.3,15,Compost,80.92,Mid growth
Soybean,Gujarat,Peaty,7.05,159.28,48.89,148.88,1.31,38.6,534.96,25.53,17,Mixed,194.55,Pre-harvest
Millet,Karnataka,Sandy,7.31,125.08,37.4,135.67,1.02,39.79,609.39,24.38,18,Compost,170.79,Pre-harvest
Millet,Gujarat,Peaty,6.19,129.51,29.8,106.67,1.21,21.57,718.06,22.64,20,DAP,191.49,Pre-harvest
Tomato,Andhra Pradesh,Silty,6.84,168.87,48.09,138.15,1.3,34.53,864.04,18.39,8,Compost,158.21,Before sowing
Maize,Gujarat,Silty,5.91,130.42,44.3,111.46,1.19,27.24,599.64,22.22,9,Mixed,80.42,After sowing
Tomato,Karnataka,Sandy,6.32,139.44,43.3,156.46,1.48,28.86,728.25,18.3,15,Urea,175.51,After sowing
Wheat,Karnataka,Clay,6.65,132.14,49.03,117.88,1.11,37.11,584.99,27.05,16,Mixed,91.36,Mid growth
Groundnut,Gujarat,Clay,6.19,164.35,53.46,129.78,1.04,26.06,894.4,24.27,17,Urea,169.18,Mid growth
Sugarcane,Karnataka,Peaty,5.82,173.36,49.11,126.63,1.58,35.45,1003.56,27.74,4,Compost,117.07,Mid growth
Potato,Gujarat,Peaty,7.28,179.1,50.38,114.37,1.48,28.26,816.61,19.33,7,Compost,179.78,Before sowing
Millet,Maharashtra,Loamy,7.11,146.06,45.33,102.94,1.47,29.94,438.45,29.96,11,DAP,140.93,Pre-harvest
Potato,Maharashtra,Peaty,6.66,135.04,51.99,113.92,1.58,22.49,767.87,20.34,18,Compost,85.58,After sowing
Soybean,Karnataka,Clay,7.05,137.93,44.71,126.0,1.5,37.52,862.48,26.07,17,Mixed,102.17,Pre-harvest
Cotton,Gujarat,Peaty,6.66,150.93,39.41,93.73,1.19,25.2,609.42,28.51,6,Potash,161.16,Before sowing
Tomato,Andhra Pradesh,Clay,6.29,150.18,41.1,137.46,1.51,27.18,704.07,26.07,20,Compost,171.54,Before sowing
Maize,Andhra Pradesh,Peaty,7.37,158.77,31.77,116.07,1.3,35.89,400.39,25.38,15,Potash,191.78,Pre-harvest
Cotton,Tamil Nadu,Silty,7.12,163.07,37.08,108.31,1.53,39.54,703.36,29.3,15,Compost,147.64,After sowing
Wheat,Maharashtra,Silty,5.95,147.7,49.93,80.07,0.87,34.5,773.89,24.38,6,Potash,119.59,After sowing
Millet,Gujarat,Clay,5.85,154.82,43.87,101.51,0.91,32.48,658.8,27.5,16,DAP,113.32,Pre-harvest
Wheat,Tamil Nadu,Silty,6.24,157.81,42.32,123.45,1.11,27.36,590.53,29.05,17,Potash,157.9,Pre-harvest
Rice,Andhra Pradesh,Sandy,6.7,164.03,39.2,127.26,1.76,27.65,1272.93,33.55,16,Compost,96.47,Before sowing
Groundnut,Maharashtra,Loamy,7.15,118.02,51.51,114.91,1.34,22.21,879.75,32.43,19,Urea,130.66,After sowing
Groundnut,Gujarat,Peaty,5.94,110.69,42.63,143.49,1.14,24.21,673.42,25.54,20,Urea,89.67,Pre-harvest
Tomato,Maharashtra,Sandy,5.83,150.29,44.53,138.1,1.28,25.34,768.71,19.65,10,DAP,150.39,Pre-harvest
Cotton,Tamil Nadu,Peaty,7.49,145.34,33.55,114.59,1.16,27.69,874.18,27.7,13,Mixed,178.3,Pre-harvest
Sugarcane,Tamil Nadu,Peaty,6.39,155.09,50.3,112.31,1.75,36.23,1080.29,33.19,14,Compost,154.93,Mid growth
Maize,Maharashtra,Clay,7.27,108.38,39.25,131.9,1.29,26.56,467.35,21.69,15,Urea,107.18,Mid growth
Groundnut,Andhra Pradesh,Clay,6.16,151.47,53.12,125.73,1.5,24.08,668.12,24.39,14,Compost,182.49,After sowing
Rice,Tamil Nadu,Loamy,6.28,170.01,44.13,136.83,1.63,33.79,1299.52,32.32,19,Compost,126.52,Pre-harvest
Potato,Gujarat,Loamy,6.19,134.96,57.87,145.22,1.72,24.11,743.77,22.28,7,Compost,146.01,After sowing
Groundnut,Karnataka,Sandy,5.85,115.22,38.03,113.52,1.17,35.84,697.15,28.62,15,Urea,93.39,Before sowing
Cotton,Tamil Nadu,Loamy,7.42,145.9,50.78,103.52,1.57,36.64,870.26,25.47,4,Compost,129.56,Mid growth
Potato,Tamil Nadu,Clay,7.37,146.79,52.91,124.99,1.32,37.96,966.56,26.24,16,Potash,98.56,Before sowing
Maize,Maharashtra,Peaty,6.26,101.74,29.43,133.92,0.81,30.98,547.24,26.66,13,Urea,109.76,Pre-harvest
Soybean,Karnataka,Silty,7.17,120.89,54.84,118.73,1.05,38.29,743.93,28.83,10,Mixed,115.14,After sowing
Maize,Tamil Nadu,Peaty,6.97,151.67,47.84,111.14,1.2,23.15,718.9,20.32,13,Potash,192.5,After sowing
Rice,Karnataka,Sandy,5.88,154.57,56.5,133.99,1.2,21.38,1356.77,32.95,13,Potash,150.88,Before sowing
Groundnut,Maharashtra,Peaty,6.71,158.22,31.98,91.58,1.43,37.83,650.61,26.73,12,Potash,137.84,Mid growth
Potato,Tamil Nadu,Clay,5.92,133.24,52.17,152.23,1.68,35.3,959.62,26.68,5,Compost,145.74,Mid growth
Soybean,Maharashtra,Sandy,6.28,159.51,40.33,125.63,1.2,39.5,734.33,24.86,8,Mixed,157.23,Pre-harvest
Cotton,Maharashtra,Silty,6.38,111.17,49.35,130.54,1.37,34.21,872.47,32.8,17,Urea,164.83,Pre-harvest
Soybean,Gujarat,Loamy,7.07,119.52,38.35,104.16,1.02,34.39,554.33,29.81,4,Urea,143.65,Pre-harvest
Maize,Maharashtra,Silty,7.44,147.95,26.53,95.13,1.44,21.87,621.84,21.06,17,DAP,89.12,Before sowing
Maize,Gujarat,Loamy,7.33,154.8,48.14,130.04,0.84,39.51,710.68,25.25,5,Mixed,146.82,After sowing
Potato,Maharashtra,Peaty,6.23,182.18,56.46,114.85,1.37,39.66,884.08,27.63,6,Mixed,116.25,Before sowing
Wheat,Maharashtra,Clay,6.17,130.85,39.52,93.48,1.32,34.2,482.95,26.02,16,Potash,186.62,After sowing
Wheat,Gujarat,Loamy,6.02,129.92,37.57,101.35,1.19,33.02,455.61,20.74,17,Compost,165.43,Pre-harvest
Tomato,Maharashtra,Clay,6.19,154.72,43.35,122.42,1.48,27.59,948.95,20.28,10,Potash,101.07,After sowing
Groundnut,Karnataka,Clay,6.21,136.3,45.47,132.38,1.05,20.18,670.83,29.26,10,DAP,129.06,Mid growth
Rice,Tamil Nadu,Silty,5.86,141.43,41.23,109.27,1.28,31.48,1246.72,27.9,7,Compost,112.47,Pre-harvest
Groundnut,Gujarat,Silty,6.89,142.13,37.41,98.09,1.36,38.98,846.01,30.87,11,Potash,189.75,Before sowing
Sugarcane,Gujarat,Silty,6.62,154.77,33.27,150.69,1.5,34.38,853.05,31.49,20,Urea,168.39,Mid growth
Wheat,Tamil Nadu,Sandy,6.84,158.06,46.81,80.57,1.13,30.05,627.93,26.31,5,Potash,107.01,After sowing
Millet,Gujarat,Loamy,6.76,126.3,44.56,107.72,0.97,30.43,531.8,29.84,18,Compost,130.05,Mid growth
Potato,Tamil Nadu,Sandy,6.14,168.48,49.4,148.07,1.38,23.42,979.95,19.16,10,DAP,105.08,Before sowing
Maize,Maharashtra,Loamy,5.93,157.15,27.57,129.55,1.13,31.55,455.17,22.16,13,DAP,133.7,Mid growth
Rice,Andhra Pradesh,Clay,6.29,179.41,50.69,142.66,1.43,22.33,1271.54,30.8,19,DAP,91.99,After sowing
Soybean,Gujarat,Silty,6.64,126.16,34.84,135.94,1.38,27.88,784.07,32.11,7,DAP,125.61,Mid growth
Groundnut,Maharashtra,Clay,6.44,126.77,33.93,139.8,1.58,36.11,881.27,26.55,11,Compost,151.06,Pre-harvest
Rice,Maharashtra,Sandy,6.94,174.39,30.28,112.32,1.32,36.42,819.9,32.89,4,Potash,150.78,Pre-harvest
Maize,Maharashtra,Silty,6.7,157.29,49.31,114.86,1.02,37.41,524.85,28.6,11,Urea,181.88,Mid growth
Maize,Karnataka,Sandy,6.22,137.2,32.85,136.59,1.35,26.05,513.74,20.98,8,Potash,99.37,Mid growth
Soybean,Gujarat,Peaty,7.22,145.26,53.76,131.78,1.49,38.48,587.56,26.62,17,Mixed,141.64,Mid growth
Sugarcane,Tamil Nadu,Sandy,5.95,127.17,40.54,112.1,1.16,26.91,1448.29,26.64,14,Compost,172.7,Pre-harvest
Millet,Karnataka,Silty,7.13,144.39,30.88,125.3,1.03,23.82,698.11,25.82,7,DAP,133.77,Mid growth
Cotton,Maharashtra,Peaty,6.61,126.24,44.48,130.44,1.49,27.77,777.11,24.08,5,Urea,175.12,Before sowing
Sugarcane,Karnataka,Loamy,7.23,170.41,41.21,118.95,1.53,29.69,1250.94,30.52,7,Compost,178.75,After sowing
Maize,Tamil Nadu,Peaty,7.4,156.63,45.89,130.45,0.9,22.27,626.08,22.03,12,Mixed,174.39,Before sowing
Potato,Karnataka,Clay,6.79,153.16,43.06,156.88,1.63,30.58,989.22,25.59,5,Compost,163.94,Pre-harvest
Millet,Andhra Pradesh,Silty,5.93,102.59,33.42,92.92,1.29,34.02,565.41,28.66,12,Urea,103.3,After sowing
Millet,Maharashtra,Silty,6.24,148.02,45.29,133.2,0.93,32.01,485.72,24.53,13,Compost,83.71,Mid growth
Potato,Maharashtra,Silty,7.18,164.91,62.3,120.75,1.58,39.68,694.6,23.58,14,Compost,162.03,Before sowing
Rice,Andhra Pradesh,Sandy,6.17,163.13,57.12,130.79,1.79,20.43,1270.78,28.68,15,Compost,137.08,After sowing
Potato,Tamil Nadu,Silty,6.34,148.55,63.17,113.86,1.34,37.12,936.19,18.82,14,DAP,165.92,After sowing
Potato,Andhra Pradesh,Silty,7.19,180.52,38.63,153.74,1.64,32.69,640.15,18.82,15,Compost,112.25,Mid growth
Wheat,Gujarat,Loamy,5.8,142.56,47.57,114.67,1.33,33.63,700.46,24.59,13,Urea,113.99,Pre-harvest
Tomato,Tamil Nadu,Sandy,6.17,183.4,62.21,122.2,1.67,33.51,641.78,25.9,5,Compost,126.45,Pre-harvest
Cotton,Tamil Nadu,Clay,7.46,158.7,34.18,116.1,1.58,28.48,556.06,27.21,5,Compost,144.01,Mid growth
Potato,Andhra Pradesh,Clay,6.97,183.19,48.18,147.72,1.67,32.73,807.64,21.67,5,Compost,97.64,Mid growth
Tomato,Andhra Pradesh,Loamy,6.24,152.6,52.99,115.17,1.26,31.33,915.38,24.4,7,Mixed,180.56,Mid growth
Millet,Andhra Pradesh,Peaty,6.49,125.17,28.78,136.33,1.13,31.55,497.76,22.54,4,DAP,110.67,Mid growth
Potato,Karnataka,Peaty,6.41,162.0,55.55,129.99,1.63,32.69,741.33,22.81,7,Compost,167.42,After sowing
Cotton,Andhra Pradesh,Silty,7.16,167.87,50.92,145.07,1.22,39.53,782.59,30.81,19,Mixed,93.03,Pre-harvest
Potato,Karnataka,Clay,6.38,179.67,52.62,140.42,1.62,23.18,772.76,22.12,6,Compost,140.06,After sowing
Soybean,Andhra Pradesh,Silty,5.93,132.51,43.79,118.4,1.54,34.18,654.74,31.55,17,Compost,182.83,Pre-harvest
Soybean,Andhra Pradesh,Sandy,7.17,110.37,30.36,110.1,1.22,28.3,799.89,28.57,8,Urea,119.11,Mid growth
Sugarcane,Maharashtra,Sandy,6.63,134.03,57.6,143.44,1.11,28.69,946.61,33.35,20,Potash,172.18,Before sowing
Millet,Andhra Pradesh,Clay,6.67,106.08,40.95,92.76,1.05,30.91,685.48,27.48,19,Urea,132.26,Before sowing
Rice,Karnataka,Peaty,6.75,138.28,42.53,148.72,1.68,20.47,891.99,27.52,7,Compost,162.82,Before sowing
Cotton,Karnataka,Peaty,5.86,160.82,32.86,144.35,1.57,37.67,873.66,27.64,9,Compost,102.37,Pre-harvest
Tomato,Tamil Nadu,Loamy,6.16,175.63,37.71,111.69,1.61,34.89,931.4,24.41,5,Compost,92.29,After sowing
Sugarcane,Andhra Pradesh,Silty,6.63,165.05,55.15,106.28,1.3,36.45,1376.3,28.36,16,Compost,85.33,Before sowing
Soybean,Maharashtra,Silty,7.48,119.74,53.64,138.49,1.16,22.68,500.15,31.28,16,Urea,93.19,Before sowing
Soybean,Andhra Pradesh,Silty,6.45,123.55,31.88,104.13,1.1,22.59,721.66,30.67,11,DAP,84.89,After sowing
Groundnut,Karnataka,Peaty,7.48,144.57,34.98,112.7,1.44,24.05,683.16,24.6,12,Potash,83.55,Mid growth
Millet,Karnataka,Clay,6.22,139.92,36.85,121.82,1.11,36.66,558.23,29.99,14,Urea,182.18,Before sowing
Sugarcane,Andhra Pradesh,Sandy,6.09,179.2,40.37,109.87,1.24,22.11,1376.78,32.43,8,DAP,80.26,Pre-harvest
Potato,Maharashtra,Clay,6.2,167.95,58.79,111.98,1.57,22.11,775.12,21.97,4,Compost,117.44,Before sowing
Sugarcane,Maharashtra,Peaty,7.14,136.12,31.21,115.67,1.49,20.3,1218.17,34.46,5,DAP,103.27,Pre-harvest
Rice,Karnataka,Sandy,6.46,123.79,36.22,139.8,1.17,39.75,892.2,34.13,14,Compost,168.6,After sowing
Potato,Andhra Pradesh,Peaty,7.05,179.09,36.57,130.21,1.54,30.66,883.01,24.09,18,Compost,157.08,Pre-harvest
Potato,Tamil Nadu,Clay,6.03,163.32,44.66,114.32,1.47,33.79,891.28,22.09,8,Urea,88.3,After sowing
Cotton,Andhra Pradesh,Clay,7.32,137.52,38.57,113.32,1.32,34.89,570.59,25.86,4,Mixed,124.74,Pre-harvest
Tomato,Tamil Nadu,Sandy,6.35,176.8,43.48,151.29,1.75,20.44,934.68,27.56,8,Compost,83.54,Pre-harvest
Soybean,Gujarat,Clay,7.26,125.25,43.29,90.74,1.29,26.12,879.84,28.64,8,Potash,154.27,Mid growth
Cotton,Gujarat,Loamy,5.83,130.26,32.5,118.89,1.53,23.99,619.18,24.02,10,Compost,131.67,Before sowing
Groundnut,Andhra Pradesh,Sandy,6.16,133.58,38.19,123.55,1.46,27.29,571.39,25.08,10,Compost,161.68,After sowing
Cotton,Gujarat,Peaty,7.02,165.75,35.4,149.23,1.35,34.09,738.67,32.72,11,DAP,110.52,Mid growth
Soybean,Karnataka,Silty,6.06,124.58,34.64,120.24,1.28,28.25,532.2,31.16,15,Potash,157.09,Pre-harvest
Sugarcane,Gujarat,Loamy,6.76,157.84,59.55,157.55,1.07,39.09,959.99,31.05,9,Urea,138.48,Pre-harvest
Potato,Karnataka,Silty,7.48,178.66,52.24,120.13,1.73,23.11,621.32,22.57,11,Compost,183.64,Pre-harvest
Cotton,Karnataka,Loamy,5.82,150.03,44.25,101.75,1.38,29.61,665.61,31.15,4,Compost,134.0,Before sowing
Tomato,Maharashtra,Loamy,6.33,133.03,35.5,126.72,1.65,27.17,755.74,18.52,10,Compost,185.86,After sowing
Groundnut,Maharashtra,Clay,6.29,142.41,43.06,120.9,1.3,32.69,534.44,32.27,17,Potash,124.79,Before sowing
Maize,Tamil Nadu,Peaty,6.46,119.57,35.56,112.16,1.03,23.94,767.04,27.9,5,Urea,90.96,Mid growth
Groundnut,Karnataka,Loamy,6.35,120.1,51.71,140.51,1.29,29.59,602.11,25.75,17,Compost,138.71,Pre-harvest
Millet,Maharashtra,Peaty,6.85,153.3,40.79,83.12,0.82,28.52,482.09,20.96,14,Potash,132.34,Mid growth
Rice,Gujarat,Clay,6.23,162.13,30.39,115.9,1.23,25.84,1165.9,28.6,7,Mixed,161.68,Before sowing
Rice,Gujarat,Sandy,6.74,165.99,57.43,156.71,1.32,23.44,1019.1,30.64,16,Compost,128.55,After sowing
Cotton,Tamil Nadu,Clay,5.9,169.01,39.48,114.19,1.11,25.32,758.04,26.16,13,Potash,151.84,Mid growth
Wheat,Gujarat,Clay,6.12,108.47,25.89,123.47,1.26,21.51,676.01,29.86,5,Urea,162.96,Mid growth
Wheat,Andhra Pradesh,Peaty,6.57,102.75,29.13,93.1,1.34,29.19,750.16,22.85,12,Urea,167.34,Mid growth
Millet,Maharashtra,Clay,6.75,118.64,25.18,113.37,1.11,26.96,687.62,24.71,13,Urea,197.19,Before sowing
Maize,Gujarat,Silty,5.81,149.25,38.23,123.89,1.12,32.74,657.35,21.53,13,Urea,170.34,Before sowing
Groundnut,Andhra Pradesh,Silty,6.09,140.57,31.22,133.29,1.43,27.65,899.81,32.27,10,Urea,174.82,Mid growth
Millet,Andhra Pradesh,Peaty,6.91,154.4,27.67,96.98,1.02,31.55,649.95,28.07,5,DAP,139.24,Pre-harvest
Maize,Andhra Pradesh,Silty,6.91,149.12,45.93,93.28,1.29,38.41,643.27,26.98,14,Potash,119.77,After sowing
Wheat,Karnataka,Clay,6.5,121.32,35.57,105.92,0.84,38.2,776.99,25.22,14,Urea,123.47,After sowing
Sugarcane,Maharashtra,Clay,7.36,179.94,52.62,135.64,1.3,35.3,1110.41,32.59,10,DAP,186.39,Before sowing
Wheat,Tamil Nadu,Peaty,5.93,142.17,45.51,100.15,0.93,39.76,774.26,22.48,19,Mixed,168.98,Mid growth
Soybean,Andhra Pradesh,Clay,7.49,122.12,53.29,143.51,1.19,39.71,696.0,28.11,13,Compost,120.96,After sowing
Sugarcane,Gujarat,Peaty,6.95,173.02,32.61,153.46,1.49,20.91,1451.21,26.98,11,Compost,85.87,After sowing
Rice,Gujarat,Clay,5.84,168.79,37.14,154.77,1.75,24.33,866.27,25.69,20,Compost,152.35,Before sowing
Rice,Karnataka,Peaty,6.3,144.12,45.26,124.19,1.03,21.47,1248.12,34.74,6,Urea,114.8,Before sowing
Sugarcane,Andhra Pradesh,Peaty,6.28,157.86,56.35,109.68,1.79,24.93,980.1,25.97,9,Compost,188.45,Pre-harvest
Potato,Andhra Pradesh,Silty,7.4,156.84,54.39,112.26,1.22,28.4,837.22,23.79,20,DAP,137.96,Mid growth
Maize,Andhra Pradesh,Sandy,6.15,146.29,44.48,139.08,1.4,38.27,487.89,27.63,16,Potash,187.08,After sowing
Cotton,Maharashtra,Loamy,7.33,137.47,44.29,114.3,1.04,21.21,835.82,30.63,18,DAP,131.32,Mid growth
Potato,Tamil Nadu,Silty,7.14,136.02,58.59,156.54,1.23,35.6,693.11,26.05,16,DAP,94.15,Before sowing
Soybean,Andhra Pradesh,Loamy,7.25,146.88,53.96,113.04,1.48,31.74,787.93,31.23,19,Compost,91.06,After sowing
Potato,Tamil Nadu,Peaty,5.93,186.26,63.16,116.95,1.55,26.79,649.11,19.24,16,Compost,132.11,Pre-harvest
Cotton,Maharashtra,Silty,6.04,145.47,30.5,114.8,1.55,35.37,701.37,32.45,16,Compost,99.7,Mid growth
Tomato,Andhra Pradesh,Silty,6.36,164.88,53.55,130.26,1.79,21.09,637.12,21.55,14,Compost,195.8,Before sowing
Sugarcane,Karnataka,Sandy,5.92,139.87,54.26,130.84,1.74,29.5,1239.9,29.74,12,Compost,183.58,Before sowing
Potato,Maharashtra,Loamy,6.82,139.92,55.61,150.34,1.32,28.81,735.77,21.62,19,Urea,190.19,After sowing
Rice,Maharashtra,Clay,6.55,162.73,46.66,115.51,1.69,21.82,1215.22,30.15,14,Compost,153.19,Before sowing
Sugarcane,Andhra Pradesh,Sandy,6.83,149.4,33.94,125.57,1.36,31.66,1063.43,28.38,5,DAP,90.07,Before sowing
Soybean,Andhra Pradesh,Silty,7.36,128.71,53.52,141.0,1.48,32.81,601.25,24.33,8,Mixed,174.59,Mid growth
Millet,Gujarat,Silty,7.4,114.02,40.13,97.62,1.16,34.44,425.1,20.3,6,Urea,177.59,Mid growth
Maize,Andhra Pradesh,Sandy,6.85,125.86,48.41,118.76,0.92,23.85,441.58,21.95,6,Urea,120.03,After sowing
Tomato,Maharashtra,Silty,7.45,158.82,61.33,159.33,1.27,22.39,633.2,20.44,14,Mixed,171.11,After sowing
Soybean,Maharashtra,Peaty,6.24,161.61,43.66,136.81,1.21,32.22,779.02,26.1,15,DAP,177.33,After sowing
Maize,Andhra Pradesh,Peaty,6.24,137.42,29.96,90.28,0.83,21.37,728.64,25.59,9,DAP,87.27,After sowing
Cotton,Maharashtra,Clay,7.47,112.21,34.77,125.43,1.51,35.57,862.41,24.54,4,Urea,110.45,Pre-harvest
Maize,Andhra Pradesh,Loamy,5.92,112.28,42.74,105.47,1.24,29.25,685.26,28.43,18,Urea,99.2,Mid growth
Groundnut,Gujarat,Peaty,6.83,123.11,32.46,117.46,1.12,30.83,617.67,26.8,10,Urea,103.96,Pre-harvest
Rice,Andhra Pradesh,Loamy,6.98,166.12,42.49,144.65,1.18,28.1,1207.66,27.45,20,Compost,181.94,Pre-harvest
Potato,Gujarat,Sandy,6.65,183.87,36.98,112.66,1.47,26.26,742.94,18.03,18,Mixed,194.25,Before sowing
Potato,Gujarat,Silty,6.86,151.27,59.06,149.93,1.25,38.94,875.41,25.86,14,Potash,155.19,Before sowing
Groundnut,Gujarat,Peaty,6.78,149.08,50.21,90.48,1.34,22.8,676.13,24.81,5,Potash,152.17,After sowing
Soybean,Karnataka,Clay,6.95,130.78,31.79,102.6,1.59,23.6,597.93,26.59,5,Compost,98.56,After sowing
Soybean,Maharashtra,Peaty,5.81,133.11,37.08,135.22,1.55,22.95,586.7,25.8,20,Compost,124.66,Before sowing
Millet,Tamil Nadu,Loamy,7.24,148.54,30.8,139.09,1.12,21.92,453.83,24.27,19,Compost,85.59,Mid growth
Groundnut,Gujarat,Sandy,5.86,156.01,37.32,148.19,1.35,32.57,760.7,26.71,19,Urea,121.74,Before sowing
Rice,Tamil Nadu,Silty,5.99,171.85,37.36,112.66,1.73,35.99,919.34,26.48,11,Compost,153.57,Pre-harvest
Soybean,Karnataka,Clay,6.39,154.33,54.54,113.66,1.28,26.43,626.82,30.95,6,DAP,192.11,After sowing
Soybean,Andhra Pradesh,Peaty,7.44,134.79,45.51,141.55,1.06,39.77,711.85,25.92,13,Potash,163.67,After sowing
Wheat,Andhra Pradesh,Clay,7.0,116.15,41.26,108.37,1.3,25.3,762.42,29.45,9,Urea,184.89,After sowing
Sugarcane,Karnataka,Clay,6.84,178.17,48.26,144.06,1.68,31.76,1435.1,33.82,12,Compost,168.92,After sowing
Sugarcane,Karnataka,Silty,5.98,127.93,36.96,139.17,1.61,34.26,880.53,25.58,4,Compost,140.44,Mid growth
Maize,Tamil Nadu,Loamy,7.49,115.88,27.21,113.84,0.95,38.61,734.76,24.36,16,Urea,197.4,Before sowing
Wheat,Andhra Pradesh,Clay,6.7,137.77,32.76,95.87,0.85,28.17,651.87,21.6,10,Potash,169.13,After sowing
Potato,Tamil Nadu,Loamy,7.3,159.41,54.92,134.39,1.41,21.3,744.96,24.69,10,Urea,139.72,After sowing
Potato,Andhra Pradesh,Loamy,6.75,150.5,53.66,124.2,1.29,22.53,692.21,21.21,13,Potash,133.2,Mid growth
Potato,Gujarat,Peaty,7.48,181.7,59.77,148.33,1.76,36.46,788.16,20.43,19,Compost,198.84,Mid growth
Maize,Gujarat,Loamy,6.96,103.36,49.79,126.11,1.03,29.95,773.48,21.89,11,Urea,80.95,Before sowing
Tomato,Gujarat,Clay,5.82,137.87,64.74,140.25,1.33,39.49,648.69,26.41,12,Compost,196.26,Mid growth
Sugarcane,Tamil Nadu,Silty,6.05,131.53,55.77,117.28,1.67,25.28,890.53,30.36,18,Compost,160.47,Before sowing
Groundnut,Maharashtra,Loamy,6.63,157.63,52.74,108.85,1.51,21.57,528.46,32.69,13,Compost,104.75,Before sowing
Potato,Karnataka,Loamy,6.56,154.59,48.58,158.05,1.56,20.57,821.43,18.63,5,Compost,125.25,Before sowing
Groundnut,Gujarat,Loamy,7.08,152.66,46.85,102.9,1.57,22.65,708.39,32.12,16,Compost,175.7,Before sowing
Rice,Gujarat,Clay,5.89,122.01,32.07,136.83,1.37,37.98,1133.73,28.0,13,Potash,147.19,Pre-harvest
Groundnut,Andhra Pradesh,Peaty,6.78,112.6,38.43,121.07,1.14,30.64,740.32,26.69,8,Urea,103.4,Before sowing
Rice,Karnataka,Peaty,7.49,150.11,31.29,108.12,1.22,27.49,1402.09,25.21,19,DAP,112.5,Mid growth
Sugarcane,Tamil Nadu,Clay,6.33,124.36,50.58,142.58,1.2,27.99,1314.67,26.02,18,Potash,102.11,Mid growth
Tomato,Gujarat,Loamy,7.23,140.25,56.76,153.11,1.55,22.56,951.22,21.87,15,Compost,196.04,After sowing
Wheat,Karnataka,Loamy,5.81,152.78,32.89,118.21,1.0,22.16,604.7,24.68,9,Potash,186.49,Mid growth
Rice,Andhra Pradesh,Clay,7.21,154.95,55.46,128.93,1.48,20.72,938.77,34.91,12,Mixed,147.27,Mid growth
Maize,Tamil Nadu,Clay,7.48,143.56,25.56,84.72,1.46,24.9,535.77,23.12,7,DAP,162.93,Mid growth
Tomato,Maharashtra,Sandy,6.18,160.23,52.63,157.08,1.45,36.96,814.9,26.45,5,DAP,111.83,After sowing
Rice,Andhra Pradesh,Silty,6.04,158.86,48.06,126.73,1.5,27.44,1209.54,32.37,10,Mixed,120.5,Mid growth
Wheat,Andhra Pradesh,Loamy,7.19,159.85,29.66,133.34,1.41,21.02,651.02,22.34,5,DAP,168.66,After sowing
Soybean,Andhra Pradesh,Loamy,6.86,131.26,54.8,97.02,1.12,30.18,674.12,24.07,7,Potash,198.7,Mid growth
Potato,Gujarat,Loamy,6.87,178.99,48.95,124.5,1.32,28.32,665.41,26.32,11,Compost,182.89,Pre-harvest
Millet,Karnataka,Sandy,6.45,156.73,28.17,94.58,1.24,36.18,713.47,29.38,17,DAP,171.19,Mid growth
Soybean,Karnataka,Peaty,7.44,150.22,48.0,91.56,1.22,32.66,685.25,28.46,9,Potash,189.03,Before sowing
Soybean,Andhra Pradesh,Clay,6.03,125.03,46.15,118.07,1.2,34.22,638.52,31.22,5,Urea,87.19,Before sowing
Tomato,Andhra Pradesh,Peaty,7.14,131.3,46.24,113.36,1.24,33.06,925.03,24.44,19,Mixed,170.51,Mid growth
Sugarcane,Karnataka,Peaty,6.07,126.18,49.76,112.13,1.74,36.98,1196.74,32.41,10,Compost,118.84,Pre-harvest
Rice,Andhra Pradesh,Clay,7.11,131.5,51.13,151.33,1.64,29.26,1130.14,33.59,7,Compost,172.61,Pre-harvest
Sugarcane,Gujarat,Clay,5.9,171.97,32.42,133.38,1.61,33.45,1205.81,30.4,5,Compost,91.86,After sowing
Wheat,Andhra Pradesh,Silty,7.14,145.25,35.84,112.03,1.13,31.51,707.55,24.08,19,Compost,117.74,Mid growth
Soybean,Karnataka,Clay,5.83,144.43,54.02,122.78,1.26,20.58,515.03,24.8,19,DAP,136.69,Mid growth
Potato,Tamil Nadu,Sandy,6.9,168.34,53.22,136.38,1.71,21.7,652.87,18.36,14,Compost,154.14,Pre-harvest
Potato,Karnataka,Peaty,6.83,148.48,45.85,131.28,1.45,20.67,689.74,23.41,12,Compost,198.02,After sowing
Wheat,Gujarat,Sandy,7.23,123.39,44.8,103.21,1.19,23.17,682.05,22.17,13,Potash,114.37,Before sowing
Maize,Gujarat,Silty,6.2,148.2,45.54,125.96,1.13,39.12,768.55,27.21,15,Compost,124.04,Pre-harvest
Sugarcane,Maharashtra,Peaty,6.33,158.85,42.07,145.65,1.77,21.88,1401.67,34.06,19,Compost,143.72,Mid growth
Groundnut,Maharashtra,Clay,5.97,124.25,35.6,123.6,1.48,29.6,802.37,29.93,14,Compost,118.21,Mid growth
Sugarcane,Gujarat,Peaty,6.26,137.46,54.9,131.27,1.26,20.82,1078.56,30.02,11,Compost,147.01,Before sowing
Maize,Maharashtra,Clay,5.93,124.43,27.53,88.86,0.8,36.6,653.98,23.82,9,DAP,138.97,Before sowing
Cotton,Karnataka,Sandy,6.53,161.23,36.76,95.84,1.05,22.36,736.63,30.72,18,Potash,134.78,Pre-harvest
Rice,Maharashtra,Loamy,7.08,179.92,50.34,104.57,1.58,29.44,826.63,34.26,15,Compost,148.35,Before sowing
Groundnut,Gujarat,Peaty,5.89,121.93,50.67,103.54,1.0,37.54,806.31,26.26,20,Urea,138.86,After sowing
Tomato,Tamil Nadu,Peaty,6.36,134.77,58.05,144.06,1.28,39.0,889.5,18.71,15,Potash,181.06,Pre-harvest
Soybean,Karnataka,Sandy,6.87,166.02,44.33,119.99,1.47,21.72,504.22,27.47,17,DAP,118.93,Pre-harvest
Rice,Karnataka,Sandy,6.02,141.61,42.93,141.76,1.16,25.43,973.37,28.45,13,Urea,155.04,After sowing
Tomato,Maharashtra,Peaty,6.75,134.82,42.09,139.7,1.72,21.49,714.46,24.46,17,Compost,106.98,Mid growth
Groundnut,Andhra Pradesh,Sandy,6.91,156.11,44.74,116.08,1.32,38.21,639.68,32.62,20,Potash,104.02,Pre-harvest
Sugarcane,Karnataka,Sandy,6.02,169.66,33.22,121.22,1.39,37.55,852.48,32.96,15,Potash,125.98,Pre-harvest
Sugarcane,Karnataka,Sandy,6.27,160.14,40.07,115.5,1.55,38.09,843.83,34.34,4,Compost,135.72,Mid growth
Cotton,Gujarat,Sandy,5.97,124.66,44.93,144.15,1.39,23.76,700.18,26.18,8,Potash,178.5,Mid growth
Tomato,Karnataka,Peaty,6.36,135.66,47.81,144.97,1.75,32.58,823.85,18.15,7,Compost,112.55,Before sowing
Wheat,Maharashtra,Sandy,7.04,148.75,32.12,118.07,0.97,25.1,799.6,29.3,18,DAP,127.2,After sowing
Soybean,Karnataka,Sandy,6.55,115.43,41.33,137.7,1.07,20.27,727.04,30.98,5,Urea,180.78,Pre-harvest
Groundnut,Andhra Pradesh,Silty,7.18,131.97,35.08,148.42,1.06,32.89,727.91,25.04,17,Mixed,149.65,Pre-harvest
Sugarcane,Maharashtra,Loamy,6.1,130.14,41.52,133.01,1.49,27.34,1235.96,25.63,12,Urea,153.96,Pre-harvest
Sugarcane,Maharashtra,Clay,6.23,122.76,46.32,151.46,1.66,37.37,923.29,34.53,19,Compost,154.08,After sowing
Wheat,Maharashtra,Silty,6.61,135.49,25.64,134.9,1.01,30.67,741.11,23.32,18,DAP,131.06,Before sowing
Millet,Tamil Nadu,Clay,6.06,107.14,29.41,89.11,1.06,37.81,558.99,20.44,13,Urea,83.16,Before sowing
Rice,Karnataka,Peaty,6.96,132.41,41.97,116.04,1.54,35.66,1047.93,29.67,15,Compost,99.88,Mid growth
Sugarcane,Maharashtra,Sandy,6.06,136.42,33.93,114.77,1.52,34.21,1050.68,28.45,20,Compost,185.21,Before sowing
Soybean,Tamil Nadu,Sandy,6.63,131.65,52.71,100.71,1.17,25.96,737.82,31.44,4,Urea,168.39,Before sowing
Cotton,Gujarat,Sandy,7.18,167.56,34.01,144.55,1.56,26.36,824.03,29.92,6,Compost,99.96,Before sowing
Wheat,Maharashtra,Silty,7.26,139.37,38.09,88.02,0.91,25.39,794.36,23.78,12,Potash,190.04,Before sowing
Sugarcane,Karnataka,Peaty,6.88,126.03,53.24,140.21,1.75,22.42,1382.35,28.56,6,Compost,164.39,Pre-harvest
Potato,Karnataka,Clay,5.88,158.24,41.52,137.43,1.59,21.05,936.76,26.24,15,Compost,143.9,Mid growth
Maize,Andhra Pradesh,Silty,6.15,128.81,25.06,126.92,0.89,39.23,476.36,22.15,15,DAP,138.63,Pre-harvest
Rice,Tamil Nadu,Loamy,7.07,174.17,52.18,131.37,1.28,22.58,963.0,29.44,14,Mixed,150.45,After sowing
Soybean,Gujarat,Peaty,7.16,119.74,49.86,144.47,1.38,29.17,864.89,27.36,15,Urea,108.75,Pre-harvest
Sugarcane,Tamil Nadu,Clay,7.26,166.33,51.54,105.95,1.13,35.08,818.62,29.9,16,Mixed,195.04,Pre-harvest
Sugarcane,Andhra Pradesh,Clay,6.57,137.71,53.81,104.42,1.18,37.0,1158.55,25.21,4,DAP,127.59,Mid growth
Soybean,Maharashtra,Peaty,6.09,131.33,44.99,132.11,1.53,24.61,839.51,26.87,16,Compost,141.02,Before sowing
Potato,Andhra Pradesh,Silty,7.07,149.43,45.21,113.07,1.73,32.71,633.66,24.47,7,Compost,102.89,Before sowing
Groundnut,Gujarat,Sandy,6.92,118.53,54.54,123.65,1.02,30.25,734.15,29.49,12,Urea,178.27,Mid growth
Cotton,Andhra Pradesh,Sandy,7.43,159.61,45.2,94.14,1.59,26.47,876.81,29.11,13,Potash,126.35,Pre-harvest
Sugarcane,Gujarat,Peaty,5.84,179.15,38.56,133.0,1.18,36.35,1018.97,33.45,5,Urea,174.09,Before sowing
Maize,Maharashtra,Silty,7.47,144.54,34.33,98.98,0.93,21.05,791.93,23.86,18,Potash,125.31,Mid growth
Potato,Karnataka,Silty,6.15,142.75,53.78,142.42,1.27,36.36,971.71,23.84,17,DAP,107.76,After sowing
Wheat,Maharashtra,Peaty,7.3,127.49,29.85,108.62,0.82,39.69,753.9,21.71,12,DAP,130.31,Before sowing
Sugarcane,Tamil Nadu,Silty,6.88,171.47,44.47,143.97,1.58,34.77,1211.67,27.13,20,Compost,184.57,Before sowing
Millet,Andhra Pradesh,Sandy,6.0,115.12,46.82,125.81,1.4,27.11,642.24,26.58,9,Urea,165.96,Before sowing
Cotton,Karnataka,Loamy,7.07,143.68,39.35,148.95,1.49,27.66,847.48,27.48,19,Urea,84.82,Pre-harvest
Wheat,Maharashtra,Clay,7.12,117.24,47.92,87.29,0.89,35.96,547.13,21.81,7,Urea,147.53,Mid growth
Soybean,Andhra Pradesh,Peaty,7.31,122.99,35.79,142.76,1.06,31.46,568.65,28.91,10,Urea,188.04,Mid growth
Sugarcane,Andhra Pradesh,Peaty,6.16,169.18,44.39,114.71,1.33,30.97,1140.11,28.48,8,Urea,193.03,Before sowing
Tomato,Tamil Nadu,Peaty,6.1,135.19,41.77,114.58,1.67,21.38,887.02,22.74,20,Compost,106.36,Before sowing
Wheat,Gujarat,Loamy,6.96,117.24,33.11,121.14,1.19,36.23,616.04,24.04,9,Urea,121.93,Before sowing
Wheat,Andhra Pradesh,Loamy,6.96,151.19,39.4,123.54,0.86,22.34,474.55,27.06,4,DAP,87.39,Mid growth
Cotton,Andhra Pradesh,Loamy,6.18,130.69,30.55,95.82,1.12,37.87,874.84,32.33,20,Potash,161.61,Pre-harvest
Wheat,Andhra Pradesh,Loamy,6.32,101.44,30.7,84.47,1.44,37.84,676.03,29.96,8,Urea,180.26,Before sowing
Sugarcane,Tamil Nadu,Clay,6.99,151.67,46.18,124.06,1.75,34.98,932.82,29.85,9,Compost,150.21,Before sowing
Sugarcane,Andhra Pradesh,Loamy,6.08,136.65,55.86,136.84,1.49,26.39,1231.52,26.59,4,Mixed,160.06,Before sowing
Cotton,Andhra Pradesh,Peaty,6.75,138.46,33.37,116.4,1.43,27.08,674.77,25.75,10,Urea,194.58,Pre-harvest
Wheat,Karnataka,Loamy,6.74,124.12,30.44,136.01,1.46,25.03,703.61,25.59,19,DAP,144.54,Before sowing
Sugarcane,Karnataka,Sandy,7.2,160.62,42.92,101.18,1.57,36.46,1294.01,26.23,15,Compost,115.46,Before sowing
Tomato,Maharashtra,Clay,6.56,136.53,64.31,128.89,1.53,31.91,637.08,21.6,18,Compost,154.02,Mid growth
Wheat,Andhra Pradesh,Clay,6.69,123.64,29.26,116.17,1.24,26.5,709.58,28.48,19,DAP,105.44,Mid growth
Potato,Andhra Pradesh,Loamy,6.5,152.88,47.51,115.77,1.67,27.28,791.04,23.57,9,Compost,104.82,Pre-harvest
Maize,Karnataka,Loamy,6.11,120.75,36.81,137.75,1.34,36.08,562.45,24.61,8,Potash,94.43,Before sowing
Soybean,Karnataka,Sandy,6.79,122.35,39.73,115.16,1.2,36.46,858.97,30.79,10,Potash,84.86,After sowing
Soybean,Maharashtra,Silty,6.91,120.23,32.5,132.81,1.23,31.63,827.7,31.29,8,DAP,113.64,After sowing
Wheat,Gujarat,Sandy,7.27,125.06,38.92,118.7,1.4,26.19,777.41,28.8,14,Mixed,194.9,After sowing
Cotton,Gujarat,Loamy,6.83,137.08,53.76,143.27,1.31,33.0,768.48,27.45,12,Mixed,124.81,Mid growth
Tomato,Andhra Pradesh,Clay,6.35,186.26,47.41,130.93,1.49,36.34,721.88,26.08,16,Urea,110.25,After sowing
Rice,Karnataka,Clay,6.76,125.03,44.71,128.99,1.07,34.59,969.84,34.4,18,Compost,90.64,After sowing
Sugarcane,Tamil Nadu,Peaty,5.97,140.53,43.79,137.53,1.5,39.1,1002.35,28.64,14,DAP,164.8,After sowing
Sugarcane,Andhra Pradesh,Sandy,7.2,150.87,40.49,152.1,1.05,37.15,1106.97,29.88,13,Compost,122.56,Pre-harvest
Sugarcane,Andhra Pradesh,Sandy,7.49,120.32,59.3,124.0,1.29,25.23,1225.65,27.81,11,DAP,189.18,After sowing
Groundnut,Tamil Nadu,Clay,6.15,133.37,33.11,130.04,1.49,21.59,710.9,26.9,14,Urea,127.29,Mid growth
Cotton,Karnataka,Loamy,6.12,137.73,32.24,136.61,1.03,39.76,725.28,28.82,19,DAP,190.64,Before sowing
Soybean,Tamil Nadu,Clay,6.25,121.43,54.31,119.42,1.25,30.69,702.59,26.56,4,Potash,84.54,Pre-harvest
Millet,Gujarat,Sandy,7.23,120.71,42.12,121.94,1.37,37.64,705.22,21.32,15,DAP,109.74,Mid growth
Potato,Andhra Pradesh,Silty,6.14,136.28,46.03,154.89,1.43,25.9,995.96,24.61,19,Mixed,122.25,After sowing
Rice,Andhra Pradesh,Silty,7.17,169.92,58.2,143.59,1.11,35.46,830.01,31.64,11,Compost,117.54,Before sowing
Rice,Karnataka,Peaty,6.13,165.51,33.67,159.43,1.32,26.14,1470.79,28.89,10,Mixed,149.42,Pre-harvest
Wheat,Tamil Nadu,Loamy,6.8,126.33,47.58,108.98,1.09,26.63,531.0,25.11,9,DAP,144.78,After sowing
Potato,Karnataka,Sandy,7.04,144.7,41.45,127.4,1.79,34.96,732.87,19.17,17,Compost,182.74,Mid growth
Tomato,Karnataka,Peaty,6.52,132.17,62.55,117.55,1.23,23.8,923.13,27.78,15,Urea,160.28,After sowing
Maize,Maharashtra,Clay,6.55,128.97,28.7,109.07,1.26,23.91,743.25,27.2,16,DAP,174.63,Pre-harvest
Wheat,Andhra Pradesh,Loamy,7.44,106.7,26.95,114.71,1.05,37.3,600.85,21.26,19,Urea,98.76,Before sowing
Cotton,Karnataka,Silty,6.85,161.25,41.09,121.18,1.45,39.74,606.11,32.32,7,Mixed,86.98,Pre-harvest
Tomato,Andhra Pradesh,Loamy,6.16,170.41,50.71,129.96,1.46,29.7,732.31,27.39,17,Compost,117.18,Pre-harvest
Potato,Tamil Nadu,Sandy,6.22,130.57,42.37,116.39,1.74,36.67,840.7,22.65,8,Compost,184.31,After sowing
Wheat,Tamil Nadu,Peaty,6.11,150.41,45.33,114.06,0.84,26.96,524.41,23.14,10,Urea,136.76,Before sowing
Sugarcane,Karnataka,Clay,7.27,143.85,30.38,157.65,1.05,24.1,1019.09,25.58,6,Potash,106.74,Pre-harvest
Maize,Andhra Pradesh,Sandy,7.43,122.32,34.5,81.67,1.19,20.09,658.23,23.46,6,Potash,174.39,Before sowing
Potato,Tamil Nadu,Clay,6.61,137.02,42.91,154.9,1.41,33.41,726.72,26.27,13,Urea,118.39,Pre-harvest
Cotton,Gujarat,Silty,6.93,148.7,30.38,105.69,1.56,35.96,788.82,27.46,20,Compost,88.9,Pre-harvest
Sugarcane,Maharashtra,Peaty,5.98,139.15,39.2,120.1,1.18,21.61,834.53,32.59,9,Potash,94.67,Before sowing
Sugarcane,Tamil Nadu,Peaty,6.79,164.78,52.03,144.74,1.01,35.46,906.13,31.75,9,Potash,199.91,Pre-harvest
Millet,Karnataka,Loamy,7.17,151.99,40.64,134.33,0.97,27.91,423.61,26.9,17,Potash,176.67,After sowing
Rice,Karnataka,Loamy,6.48,122.6,33.16,127.87,1.67,37.64,1163.2,30.21,18,Compost,153.61,Pre-harvest
Potato,Maharashtra,Silty,7.38,150.25,45.41,140.09,1.76,35.12,894.58,27.1,7,Compost,104.98,After sowing
Soybean,Maharashtra,Sandy,6.47,152.7,37.59,96.19,1.12,33.25,715.81,28.24,6,Potash,188.09,Pre-harvest
Maize,Andhra Pradesh,Silty,7.38,123.88,44.5,86.85,1.38,37.13,577.18,27.05,12,Potash,147.35,Pre-harvest
Potato,Karnataka,Sandy,7.28,156.83,55.69,141.89,1.6,36.86,894.82,22.81,11,Compost,161.2,Pre-harvest
Groundnut,Karnataka,Sandy,6.67,137.81,34.9,97.86,1.11,31.25,668.59,30.66,5,Potash,189.22,Mid growth
Soybean,Gujarat,Sandy,6.91,142.22,40.16,108.71,1.51,34.74,889.02,25.43,6,Compost,102.24,Before sowing
Rice,Tamil Nadu,Silty,7.03,157.91,58.2,142.62,1.44,30.07,1124.56,33.94,15,Mixed,127.1,Before sowing
Maize,Andhra Pradesh,Sandy,6.2,108.34,30.82,118.55,0.91,20.41,616.29,23.26,19,Urea,123.84,Before sowing
Rice,Maharashtra,Clay,6.75,173.23,53.59,149.65,1.54,22.45,1187.94,34.17,9,Compost,195.87,Before sowing
Soybean,Andhra Pradesh,Clay,5.85,147.47,43.51,125.8,1.2,34.63,572.66,25.01,6,Compost,166.33,Before sowing
Cotton,Karnataka,Loamy,6.6,125.06,54.51,148.28,1.2,29.78,841.37,27.74,12,Mixed,128.17,Before sowing
Groundnut,Maharashtra,Peaty,6.82,155.56,52.71,134.96,1.23,36.25,608.77,32.55,6,Potash,118.42,Before sowing
Millet,Tamil Nadu,Sandy,6.29,139.66,29.21,119.94,1.0,27.24,567.11,29.79,20,DAP,144.05,Mid growth
Potato,Maharashtra,Loamy,6.99,177.23,39.32,135.71,1.34,39.02,839.72,22.64,19,Mixed,172.02,Before sowing
Potato,Maharashtra,Clay,5.97,152.28,61.21,155.48,1.52,20.91,924.75,20.09,15,Compost,156.13,After sowing
Tomato,Gujarat,Silty,5.91,159.44,38.81,138.87,1.46,30.55,822.49,22.27,5,Potash,138.0,Mid growth
Rice,Andhra Pradesh,Silty,6.06,176.93,52.02,120.45,1.67,37.42,1020.74,30.89,9,Compost,106.13,Mid growth
Cotton,Andhra Pradesh,Loamy,6.55,112.39,52.18,138.7,1.37,33.95,660.93,29.69,16,Urea,172.37,Before sowing
Soybean,Maharashtra,Clay,6.06,118.91,54.23,98.09,1.58,36.99,854.47,25.55,15,Urea,121.78,After sowing
Groundnut,Tamil Nadu,Clay,6.82,151.39,51.3,90.26,1.43,21.27,841.55,30.79,15,Potash,136.26,Pre-harvest
Wheat,Tamil Nadu,Peaty,6.57,144.86,41.38,138.32,1.26,39.86,492.47,25.08,20,Urea,145.3,Mid growth
Cotton,Maharashtra,Sandy,5.97,110.8,38.65,104.59,1.43,29.67,645.99,27.67,6,Urea,95.01,After sowing
Rice,Tamil Nadu,Silty,7.47,134.93,31.19,121.83,1.35,22.06,889.36,31.91,19,Potash,167.41,Pre-harvest
Wheat,Andhra Pradesh,Loamy,6.93,140.46,27.48,106.84,1.02,33.4,782.41,26.34,7,DAP,149.3,Before sowing
Millet,Karnataka,Peaty,6.34,112.37,33.09,83.19,1.2,24.45,519.71,25.1,15,Urea,164.43,Pre-harvest
Groundnut,Tamil Nadu,Loamy,7.22,154.96,48.43,107.83,1.02,39.62,849.82,29.72,4,Compost,199.94,After sowing
Potato,Gujarat,Silty,7.18,161.92,59.37,128.46,1.76,35.78,901.32,23.3,7,Compost,156.7,Mid growth
Rice,Maharashtra,Clay,7.41,123.32,37.88,131.53,1.78,30.37,1096.21,30.92,8,Compost,197.59,Pre-harvest
Cotton,Maharashtra,Clay,7.05,141.76,32.2,135.32,1.59,27.82,674.28,24.78,15,Compost,128.71,Mid growth
Wheat,Andhra Pradesh,Loamy,6.34,154.78,35.96,85.38,0.9,37.27,423.25,25.17,20,Potash,85.7,Pre-harvest
Cotton,Karnataka,Clay,7.37,163.77,42.69,122.43,1.52,26.3,528.01,30.31,8,Compost,96.55,Mid growth
Groundnut,Tamil Nadu,Peaty,6.43,163.89,34.56,122.06,1.3,36.71,815.06,28.38,19,Potash,146.6,Pre-harvest
Potato,Andhra Pradesh,Sandy,7.19,139.2,58.18,155.34,1.74,26.71,762.32,24.93,12,Compost,164.01,Pre-harvest
Soybean,Tamil Nadu,Sandy,6.83,110.47,32.62,123.04,1.42,30.16,757.65,27.0,14,Urea,164.61,Mid growth
Cotton,Gujarat,Peaty,6.79,121.89,51.41,120.99,1.44,37.93,661.8,32.71,8,Mixed,180.42,Pre-harvest
Sugarcane,Tamil Nadu,Loamy,6.61,129.47,32.65,135.03,1.33,22.99,1183.71,31.63,8,Mixed,168.3,Pre-harvest
Maize,Gujarat,Clay,5.83,158.33,29.35,94.3,0.98,30.79,696.54,20.65,6,DAP,110.87,After sowing
Maize,Tamil Nadu,Sandy,6.61,103.99,36.64,90.23,1.1,30.35,799.77,28.4,11,Urea,92.05,Pre-harvest
Groundnut,Maharashtra,Silty,6.19,155.63,53.18,95.82,1.12,34.91,568.57,29.55,17,Potash,117.41,Pre-harvest
Maize,Gujarat,Clay,6.09,117.38,29.34,111.96,1.34,37.52,404.51,28.03,15,Urea,185.19,Pre-harvest
Cotton,Tamil Nadu,Sandy,6.1,118.29,41.05,111.24,1.46,22.58,593.07,29.33,10,Urea,160.08,Pre-harvest
Tomato,Andhra Pradesh,Loamy,7.42,154.09,64.53,114.31,1.6,33.36,656.44,20.75,14,Compost,180.51,Mid growth
Tomato,Karnataka,Peaty,7.15,138.61,53.02,144.74,1.2,27.34,711.47,24.52,15,Potash,194.77,After sowing
Tomato,Gujarat,Sandy,7.47,132.52,44.29,128.95,1.57,33.77,929.32,27.2,12,Compost,122.52,Pre-harvest
Cotton,Andhra Pradesh,Silty,7.44,123.44,35.28,102.1,1.42,28.73,657.43,24.11,5,Urea,156.06,Mid growth
Rice,Andhra Pradesh,Silty,6.08,132.12,55.24,148.44,1.34,39.78,1457.76,31.73,6,DAP,147.02,After sowing
Maize,Tamil Nadu,Peaty,6.03,119.83,25.0,116.43,1.15,28.24,629.04,21.08,20,Urea,131.63,Before sowing
Millet,Karnataka,Sandy,6.51,110.34,28.68,125.57,1.34,38.62,626.83,23.32,7,Urea,127.74,Pre-harvest
Potato,Karnataka,Clay,6.66,137.99,57.11,146.9,1.61,30.73,661.3,27.93,14,Compost,97.11,Before sowing
Sugarcane,Karnataka,Sandy,6.91,124.69,46.19,118.01,1.02,31.01,1011.1,27.64,4,Mixed,139.27,After sowing
Maize,Maharashtra,Sandy,6.97,155.44,41.55,100.79,1.23,30.76,773.23,26.9,8,Compost,136.32,Before sowing
Millet,Andhra Pradesh,Clay,6.92,133.9,43.59,138.27,0.86,22.86,626.44,24.48,20,Urea,137.29,Pre-harvest
Cotton,Gujarat,Clay,7.14,136.18,47.76,109.49,1.19,31.9,870.48,31.16,18,Mixed,109.78,Before sowing
Maize,Maharashtra,Sandy,6.79,158.16,37.71,114.94,1.21,25.96,590.11,22.63,13,Mixed,186.56,Pre-harvest
Millet,Tamil Nadu,Silty,6.34,152.12,34.37,121.73,1.08,37.05,509.42,21.2,14,Mixed,173.59,Pre-harvest
Potato,Maharashtra,Sandy,6.75,138.56,42.48,136.76,1.31,39.76,819.84,26.94,19,Potash,161.55,Mid growth
Wheat,Maharashtra,Silty,6.86,111.35,43.87,131.76,0.8,39.46,564.92,21.29,6,Urea,187.52,Before sowing
Rice,Maharashtra,Silty,6.16,151.86,56.01,109.44,1.68,36.51,996.93,30.39,11,Compost,189.51,Pre-harvest
Potato,Gujarat,Clay,6.75,162.42,54.24,150.93,1.22,27.15,641.73,26.09,14,DAP,188.23,Mid growth
Tomato,Maharashtra,Peaty,5.88,157.07,53.08,134.03,1.22,28.67,851.39,18.08,6,DAP,130.0,Pre-harvest
Wheat,Karnataka,Silty,5.81,103.9,46.77,111.11,1.04,35.05,531.27,22.23,9,Urea,98.5,After sowing
Wheat,Karnataka,Peaty,7.32,148.16,48.08,84.15,1.29,35.1,793.81,28.98,17,Potash,106.07,Pre-harvest
Wheat,Gujarat,Clay,6.05,144.92,48.11,86.24,1.07,26.57,593.72,28.49,9,Potash,131.57,After sowing
Sugarcane,Andhra Pradesh,Sandy,6.83,173.92,41.2,127.34,1.73,35.02,990.01,32.54,18,Compost,87.87,Before sowing
Millet,Gujarat,Peaty,6.46,142.88,27.76,85.2,1.28,21.44,595.71,29.85,7,DAP,151.94,After sowing
Soybean,Gujarat,Peaty,6.23,115.58,38.52,93.2,1.53,38.16,547.6,27.84,8,Urea,161.93,Mid growth
Cotton,Andhra Pradesh,Sandy,7.41,150.95,38.1,119.42,1.22,35.76,788.03,30.44,18,Mixed,176.49,After sowing
Sugarcane,Maharashtra,Silty,6.48,145.69,30.8,159.28,1.0,31.95,969.8,31.53,17,Mixed,120.69,Pre-harvest
Maize,Tamil Nadu,Silty,6.11,135.64,36.6,86.85,1.39,21.13,615.68,20.5,20,Potash,150.18,Pre-harvest
Soybean,Tamil Nadu,Clay,6.03,154.63,42.23,128.21,1.21,34.23,546.8,25.67,8,Mixed,82.9,Before sowing
Wheat,Tamil Nadu,Sandy,7.48,138.77,29.86,115.48,1.17,21.57,606.54,22.85,19,DAP,128.24,After sowing
Sugarcane,Andhra Pradesh,Clay,5.93,153.76,47.96,106.7,1.33,22.73,1144.77,30.73,13,Urea,94.81,Mid growth
Wheat,Karnataka,Clay,7.1,112.76,48.44,98.16,1.01,35.39,645.53,25.79,6,Urea,196.5,Mid growth
Wheat,Andhra Pradesh,Loamy,6.98,142.17,31.71,80.21,1.16,37.58,496.6,22.2,11,Potash,81.96,Pre-harvest
Sugarcane,Karnataka,Clay,6.36,151.37,35.32,158.65,1.55,24.92,1375.0,32.32,19,Compost,96.43,Before sowing
Rice,Karnataka,Peaty,6.7,171.77,52.64,127.86,1.18,29.9,1163.73,25.91,19,Compost,80.61,Before sowing
Soybean,Tamil Nadu,Loamy,5.88,137.14,48.67,106.52,1.52,20.1,599.31,26.66,4,Compost,182.01,Pre-harvest
Sugarcane,Maharashtra,Clay,6.01,172.34,44.92,151.86,1.42,33.46,1336.25,33.23,10,Mixed,170.97,Mid growth
Tomato,Gujarat,Peaty,6.25,186.73,60.33,133.71,1.79,36.43,651.08,22.8,18,Compost,142.38,Pre-harvest
Millet,Maharashtra,Peaty,6.79,148.5,40.95,103.96,1.03,35.65,682.89,24.63,9,Compost,95.52,After sowing
Soybean,Tamil Nadu,Clay,5.94,160.54,33.41,114.75,1.04,38.59,688.74,25.24,9,Urea,113.97,Pre-harvest
Groundnut,Tamil Nadu,Peaty,6.91,160.07,50.9,141.38,1.3,39.09,640.24,26.65,15,DAP,125.45,Mid growth
Millet,Tamil Nadu,Loamy,7.14,106.16,39.93,110.62,1.28,20.65,755.42,23.92,4,Urea,93.99,Before sowing
Wheat,Andhra Pradesh,Peaty,6.23,141.73,48.3,119.09,0.87,39.53,575.56,25.24,19,DAP,171.05,After sowing
Sugarcane,Gujarat,Peaty,7.49,155.85,53.81,147.52,1.61,33.34,858.39,27.51,13,Compost,90.5,Pre-harvest
Maize,Tamil Nadu,Loamy,5.82,100.3,41.28,124.83,1.2,21.14,644.12,27.87,11,Urea,112.05,Pre-harvest
Groundnut,Andhra Pradesh,Sandy,6.8,163.42,48.88,121.42,1.37,32.85,505.57,30.2,18,DAP,91.49,Before sowing
Cotton,Karnataka,Loamy,6.09,159.3,33.72,139.35,1.33,29.93,546.6,28.84,11,Mixed,102.74,Before sowing
Maize,Tamil Nadu,Sandy,7.16,102.15,37.24,110.82,0.95,21.59,767.67,22.56,13,Urea,191.99,Mid growth
Soybean,Maharashtra,Loamy,7.24,131.91,31.23,115.45,1.1,30.93,585.55,32.89,12,Urea,164.24,Mid growth
Wheat,Karnataka,Peaty,6.54,141.87,34.29,106.12,0.99,25.77,464.2,27.09,4,Mixed,152.68,Mid growth
Tomato,Tamil Nadu,Silty,6.63,134.85,52.47,130.81,1.4,29.99,688.54,27.74,14,Compost,91.48,Before sowing
Millet,Gujarat,Sandy,7.22,114.51,32.71,115.26,0.92,22.82,567.58,29.69,14,Urea,166.74,Pre-harvest
Rice,Maharashtra,Sandy,6.65,122.76,37.73,159.77,1.14,33.55,825.98,29.84,19,DAP,114.3,Mid growth
Maize,Gujarat,Clay,6.31,140.71,26.19,120.66,0.89,38.65,704.67,28.62,4,DAP,160.04,Mid growth
Tomato,Gujarat,Peaty,7.45,183.39,48.71,123.24,1.69,39.95,934.84,18.09,11,Compost,168.27,Before sowing
Rice,Andhra Pradesh,Silty,5.85,141.45,47.06,156.49,1.34,27.02,847.74,27.84,14,DAP,90.16,After sowing
Sugarcane,Andhra Pradesh,Sandy,5.89,147.48,48.19,152.31,1.18,36.85,1463.52,28.29,9,Potash,106.44,Pre-harvest
Potato,Karnataka,Clay,5.9,159.38,39.15,115.99,1.68,21.2,692.63,19.87,20,Compost,190.29,Mid growth
Groundnut,Karnataka,Loamy,6.57,124.08,43.5,112.26,1.23,25.72,597.86,31.37,7,Compost,191.46,Pre-harvest
Maize,Andhra Pradesh,Sandy,6.98,119.11,37.36,124.2,0.94,38.65,783.26,25.38,5,Urea,195.82,After sowing
Rice,Maharashtra,Sandy,6.16,143.06,48.08,112.79,1.23,20.44,1377.72,33.87,16,Mixed,185.07,Mid growth
Sugarcane,Karnataka,Clay,6.65,132.48,51.4,133.38,1.04,39.82,894.05,33.2,11,Urea,101.66,Mid growth
Cotton,Andhra Pradesh,Silty,7.38,127.01,52.55,98.13,1.14,24.19,530.12,32.86,13,Potash,136.86,Pre-harvest
Wheat,Tamil Nadu,Sandy,6.22,147.6,34.18,122.67,1.24,29.26,529.7,29.0,14,Potash,102.13,Pre-harvest
Maize,Gujarat,Sandy,6.01,152.2,38.07,83.29,1.06,27.59,739.0,22.74,12,Potash,182.81,After sowing
Cotton,Gujarat,Peaty,6.71,165.36,32.02,148.8,1.34,39.82,748.24,27.54,12,Compost,135.49,Pre-harvest
Millet,Andhra Pradesh,Peaty,6.2,144.93,40.56,120.59,1.07,24.53,772.71,28.0,9,DAP,137.59,Before sowing
Soybean,Karnataka,Clay,7.25,147.52,33.53,111.0,1.49,37.26,762.46,24.47,18,Urea,172.96,Before sowing
Maize,Maharashtra,Clay,7.24,101.3,35.65,127.84,1.02,38.01,789.5,20.89,13,Urea,88.11,Mid growth
Soybean,Karnataka,Loamy,6.36,113.34,49.97,114.28,1.21,28.37,620.9,24.67,18,Urea,136.52,Pre-harvest
Rice,Andhra Pradesh,Silty,6.24,152.17,36.62,109.73,1.66,39.36,1427.56,30.03,8,Compost,199.27,Pre-harvest
Cotton,Andhra Pradesh,Peaty,6.56,137.25,46.09,124.28,1.2,29.04,846.74,29.1,15,Urea,192.2,Pre-harvest
Maize,Tamil Nadu,Sandy,6.06,119.25,46.28,96.0,1.3,23.4,698.71,25.85,13,Urea,100.81,After sowing
Millet,Gujarat,Peaty,6.31,108.23,36.45,137.3,0.81,25.22,679.91,20.25,16,Urea,192.58,Before sowing
Potato,Andhra Pradesh,Peaty,7.47,187.75,58.54,141.33,1.73,36.5,827.53,22.72,17,Compost,148.65,Before sowing
Cotton,Gujarat,Peaty,6.62,156.66,47.49,123.31,1.05,35.59,553.88,26.85,14,Potash,106.6,Pre-harvest
Groundnut,Karnataka,Clay,7.14,165.04,49.19,110.99,1.08,29.59,626.04,28.43,18,Urea,167.41,Mid growth
Tomato,Gujarat,Loamy,6.41,169.71,45.08,151.26,1.22,25.22,964.31,18.45,4,Mixed,188.51,Mid growth
Tomato,Maharashtra,Clay,7.34,159.93,46.53,148.64,1.31,39.85,830.02,26.39,18,DAP,189.4,Mid growth
Millet,Tamil Nadu,Clay,6.88,156.49,33.37,124.17,1.21,28.63,739.75,29.71,18,Urea,98.68,Pre-harvest
Groundnut,Maharashtra,Sandy,6.14,130.49,31.26,146.15,1.2,24.48,823.23,25.96,16,Potash,186.88,Before sowing
Soybean,Maharashtra,Peaty,6.68,165.11,45.07,103.34,1.46,27.75,513.9,24.11,5,Mixed,172.73,Pre-harvest
Rice,Gujarat,Clay,6.4,176.94,42.05,148.68,1.31,31.27,958.14,26.67,5,DAP,166.13,After sowing
Tomato,Andhra Pradesh,Peaty,6.23,158.29,53.3,138.0,1.42,28.92,966.86,22.55,15,Compost,116.51,Pre-harvest
Cotton,Maharashtra,Silty,7.16,141.27,46.9,135.81,1.13,31.84,674.43,31.68,12,DAP,88.75,After sowing
Millet,Maharashtra,Peaty,7.06,110.6,49.71,109.17,1.46,33.36,418.29,25.68,8,Urea,189.23,Pre-harvest
Soybean,Maharashtra,Peaty,6.1,161.15,33.76,95.89,1.52,30.65,631.27,29.88,10,Potash,141.05,Pre-harvest
Millet,Karnataka,Loamy,7.36,154.76,44.69,130.69,1.37,24.25,514.82,21.9,4,Mixed,167.25,Mid growth
Maize,Andhra Pradesh,Sandy,6.14,148.03,35.63,89.27,1.33,29.94,501.43,23.07,17,Potash,139.85,Pre-harvest
Potato,Karnataka,Silty,7.1,174.75,38.2,110.85,1.31,29.01,784.59,24.79,12,Urea,156.77,Mid growth
Rice,Maharashtra,Silty,7.3,158.08,45.04,129.15,1.37,31.14,824.91,33.94,6,Compost,93.63,After sowing
Groundnut,Andhra Pradesh,Sandy,6.61,111.31,52.61,134.04,1.14,24.6,784.32,24.72,5,Urea,135.69,Mid growth
Maize,Gujarat,Clay,5.96,139.93,32.39,113.75,1.07,27.56,649.51,29.05,10,Urea,81.26,Pre-harvest
Maize,Tamil Nadu,Silty,5.85,158.45,39.35,121.25,1.19,27.2,753.79,29.76,6,Mixed,191.94,Before sowing
Rice,Maharashtra,Clay,7.18,125.71,52.45,129.53,1.16,35.53,905.14,28.53,13,DAP,167.12,Pre-harvest
Maize,Maharashtra,Sandy,6.85,156.53,40.79,105.21,1.28,33.47,678.56,20.8,10,Mixed,167.48,Before sowing
Maize,Tamil Nadu,Peaty,7.38,100.11,42.37,96.7,1.08,38.46,723.09,20.78,13,Urea,189.68,After sowing
Cotton,Andhra Pradesh,Clay,7.49,133.43,52.66,100.05,1.05,21.79,641.51,26.08,15,Potash,197.71,Mid growth
Wheat,Maharashtra,Clay,6.38,113.88,37.53,106.57,1.44,22.83,617.24,21.29,12,Urea,143.14,Mid growth
Maize,Karnataka,Peaty,6.05,127.86,38.17,111.12,0.98,33.3,581.19,20.68,4,DAP,100.8,After sowing
Tomato,Tamil Nadu,Clay,6.47,167.43,42.85,120.26,1.36,39.83,944.27,24.08,13,Urea,141.34,Before sowing
Wheat,Andhra Pradesh,Loamy,6.25,134.18,35.45,134.99,0.89,24.46,459.14,28.71,11,Mixed,97.72,Pre-harvest
Tomato,Andhra Pradesh,Loamy,7.14,149.57,51.82,120.12,1.43,20.88,812.56,19.12,13,Urea,147.73,After sowing
Groundnut,Gujarat,Loamy,6.29,164.13,46.21,115.74,1.15,32.95,888.86,32.53,4,Urea,119.57,After sowing
Wheat,Gujarat,Sandy,7.04,138.96,40.65,134.02,0.99,28.04,587.16,20.35,6,Compost,174.93,After sowing
Potato,Maharashtra,Clay,6.7,160.95,44.3,159.23,1.23,25.42,939.74,24.96,16,Mixed,160.26,Before sowing
Wheat,Karnataka,Silty,6.08,125.3,49.04,129.61,0.9,31.54,666.68,29.31,9,Mixed,107.67,Pre-harvest
Wheat,Maharashtra,Clay,5.97,110.87,38.02,115.38,1.4,35.27,447.2,20.31,9,Urea,195.44,Pre-harvest
Maize,Gujarat,Peaty,6.25,128.82,33.75,109.77,1.12,23.36,680.63,22.38,14,DAP,97.71,Before sowing
Cotton,Maharashtra,Loamy,7.21,121.48,36.28,105.2,1.1,21.21,535.52,27.54,7,Mixed,117.95,After sowing
Maize,Gujarat,Clay,6.04,129.6,25.15,100.11,1.34,33.16,437.84,23.44,7,DAP,190.37,Before sowing
Potato,Maharashtra,Silty,6.53,164.51,59.84,120.78,1.74,36.1,928.71,22.64,9,Compost,161.6,Mid growth
Potato,Maharashtra,Sandy,5.97,157.57,45.52,158.22,1.39,35.5,878.47,22.36,5,Potash,111.62,Before sowing
Groundnut,Maharashtra,Peaty,6.19,124.35,46.04,117.13,1.56,33.97,782.94,27.75,14,Compost,199.91,Pre-harvest
Potato,Maharashtra,Silty,7.21,183.94,37.84,143.68,1.71,20.17,868.75,23.77,8,Compost,148.13,Pre-harvest
Cotton,Gujarat,Sandy,6.42,111.18,39.22,97.01,1.18,27.12,839.8,25.41,12,Urea,183.08,Before sowing
Sugarcane,Karnataka,Silty,7.12,164.55,39.57,130.26,1.26,39.54,1011.82,29.44,15,Compost,186.42,After sowing
Groundnut,Tamil Nadu,Sandy,6.3,145.53,49.37,139.81,1.02,29.28,733.3,24.41,16,Urea,112.53,Pre-harvest
Maize,Andhra Pradesh,Clay,7.32,104.86,32.09,80.77,0.91,26.81,587.68,22.2,10,Urea,195.33,Mid growth
Soybean,Tamil Nadu,Sandy,7.09,149.61,44.01,123.47,1.59,30.14,581.97,30.16,12,Compost,113.83,Mid growth
Soybean,Tamil Nadu,Clay,6.49,114.73,40.34,107.22,1.4,39.87,623.85,30.67,12,Urea,125.48,Mid growth
Millet,Maharashtra,Sandy,6.24,109.67,29.11,123.06,1.2,26.11,462.32,22.09,7,Urea,160.83,Pre-harvest
Rice,Gujarat,Peaty,6.31,169.64,50.76,101.62,1.48,26.7,1493.42,28.43,5,DAP,179.08,After sowing
Cotton,Karnataka,Sandy,6.44,164.82,44.47,90.06,1.28,21.95,748.22,24.07,4,Potash,97.59,Mid growth
Maize,Maharashtra,Peaty,6.28,119.2,45.27,87.38,1.33,24.84,617.78,23.31,10,Urea,168.92,After sowing
Maize,Karnataka,Clay,5.91,112.59,36.77,99.84,1.33,25.21,672.19,28.62,16,Urea,119.73,After sowing
Cotton,Gujarat,Silty,6.86,136.96,45.22,108.65,1.05,21.61,817.9,28.85,11,DAP,112.7,Before sowing
Maize,Maharashtra,Peaty,7.15,155.66,32.27,133.0,0.99,22.64,462.02,29.23,19,Potash,132.0,Before sowing
Groundnut,Maharashtra,Sandy,6.8,143.79,46.62,108.53,1.22,33.23,530.89,28.92,6,Urea,189.77,After sowing
Maize,Gujarat,Clay,6.67,104.66,43.82,80.16,1.38,36.86,798.15,21.56,19,Urea,193.59,Pre-harvest
Millet,Andhra Pradesh,Sandy,7.38,113.77,32.65,130.92,1.43,36.64,717.55,21.34,16,Urea,85.87,Before sowing
Millet,Andhra Pradesh,Silty,6.96,148.57,25.94,114.32,0.93,36.04,751.72,24.52,14,DAP,103.73,Pre-harvest
Millet,Andhra Pradesh,Peaty,6.02,130.6,43.51,106.77,1.23,25.79,474.06,20.51,14,Potash,92.46,Pre-harvest
Sugarcane,Gujarat,Loamy,5.93,132.45,38.24,100.51,1.55,27.07,1170.5,29.66,12,Compost,150.59,Mid growth
Potato,Tamil Nadu,Peaty,6.52,171.3,54.48,113.58,1.48,30.89,808.28,22.27,5,DAP,180.89,Before sowing
Millet,Karnataka,Silty,6.81,154.86,34.28,81.85,0.83,24.13,443.34,22.26,13,Potash,131.74,Before sowing
Groundnut,Andhra Pradesh,Loamy,6.05,121.48,38.2,148.32,1.51,32.49,848.48,31.53,6,Compost,181.26,Mid growth
Sugarcane,Tamil Nadu,Loamy,6.45,140.77,53.15,137.2,1.26,34.28,1481.67,32.95,17,Urea,130.58,After sowing
Groundnut,Karnataka,Clay,7.37,144.27,47.8,133.1,1.05,27.35,729.39,31.44,15,Potash,160.1,Pre-harvest
Millet,Andhra Pradesh,Clay,7.32,111.46,26.89,104.26,1.37,23.07,717.89,22.28,16,Urea,111.95,Pre-harvest
Groundnut,Andhra Pradesh,Peaty,6.97,129.02,49.82,135.55,1.16,24.4,712.79,30.17,18,Potash,159.49,Before sowing
Cotton,Gujarat,Sandy,7.38,165.99,52.12,115.39,1.07,29.27,853.22,30.62,6,Potash,173.18,Pre-harvest
Millet,Karnataka,Sandy,7.17,142.88,29.52,97.63,1.16,38.62,611.17,22.86,7,DAP,125.11,Pre-harvest
Soybean,Andhra Pradesh,Loamy,6.98,165.98,49.95,138.22,1.21,34.98,773.85,26.4,13,Potash,104.56,After sowing
Rice,Gujarat,Peaty,7.38,172.0,58.51,149.73,1.24,21.62,1468.08,26.66,6,Potash,115.73,Pre-harvest
Sugarcane,Andhra Pradesh,Peaty,7.0,152.55,32.58,118.37,1.08,20.34,857.8,31.82,11,Mixed,183.45,Mid growth
Potato,Maharashtra,Clay,7.15,187.92,50.56,121.44,1.71,24.61,784.37,22.99,15,Compost,179.82,Mid growth
Cotton,Tamil Nadu,Peaty,6.91,142.98,33.3,102.74,1.4,35.13,669.7,29.97,20,DAP,197.6,After sowing
Cotton,Gujarat,Peaty,5.8,111.0,35.99,142.92,1.14,39.81,729.94,25.52,5,Urea,157.62,After sowing
Wheat,Maharashtra,Peaty,7.1,113.11,32.53,111.82,1.29,26.04,636.62,20.62,15,Urea,92.01,Pre-harvest
Rice,Andhra Pradesh,Loamy,6.74,141.91,30.14,115.5,1.24,26.34,929.48,27.99,18,Mixed,162.47,After sowing
Millet,Maharashtra,Silty,6.04,135.63,48.19,108.9,1.47,35.49,447.86,27.88,10,Mixed,146.1,After sowing
Wheat,Tamil Nadu,Silty,5.88,117.25,47.74,133.38,1.22,20.6,764.44,24.72,10,Urea,143.14,Mid growth
Maize,Tamil Nadu,Loamy,5.91,140.11,43.43,83.22,1.15,33.64,764.86,20.55,12,Potash,148.42,Mid growth
Cotton,Maharashtra,Sandy,7.26,168.14,44.46,130.58,1.28,22.52,884.46,32.14,18,Mixed,150.36,After sowing
Potato,Tamil Nadu,Sandy,6.74,187.04,53.76,113.04,1.68,31.26,795.5,25.86,8,Compost,191.81,After sowing
Groundnut,Andhra Pradesh,Peaty,7.34,156.43,36.36,109.41,1.03,35.23,862.0,29.88,14,Mixed,121.89,After sowing
Millet,Andhra Pradesh,Peaty,6.77,147.64,40.86,84.34,1.21,24.77,436.69,28.72,13,Potash,137.55,Pre-harvest
Wheat,Tamil Nadu,Peaty,6.69,102.11,32.41,116.64,1.41,29.07,656.01,23.88,5,Urea,190.34,Before sowing
Maize,Tamil Nadu,Clay,7.25,136.85,34.2,127.92,1.4,31.91,483.64,26.29,11,Compost,198.95,Before sowing
Wheat,Maharashtra,Loamy,7.46,130.14,26.07,108.89,1.11,22.44,511.55,22.74,20,DAP,109.77,After sowing
Tomato,Gujarat,Silty,7.03,167.39,36.35,139.13,1.39,37.98,827.4,21.9,8,Potash,184.66,Pre-harvest
Groundnut,Andhra Pradesh,Loamy,6.56,151.4,42.1,146.83,1.45,39.18,584.96,27.93,14,Mixed,113.16,Pre-harvest
Tomato,Tamil Nadu,Loamy,7.28,141.63,59.59,112.23,1.5,23.94,654.73,21.24,10,Urea,84.01,Mid growth
Millet,Gujarat,Sandy,7.43,116.02,37.44,124.82,1.02,34.38,684.32,26.66,12,Urea,169.24,Before sowing
Groundnut,Andhra Pradesh,Peaty,6.33,130.62,54.85,95.22,1.13,39.97,866.18,26.15,7,Potash,94.34,After sowing
Cotton,Maharashtra,Clay,6.79,118.07,44.98,92.54,1.45,30.04,533.1,30.99,20,Urea,131.55,Mid growth
Potato,Andhra Pradesh,Peaty,7.35,164.52,39.36,122.75,1.43,36.66,642.4,25.0,9,Compost,125.98,Mid growth
Tomato,Tamil Nadu,Sandy,6.08,139.0,62.43,158.24,1.53,33.47,916.52,19.38,6,Compost,141.64,Before sowing
Wheat,Andhra Pradesh,Loamy,6.71,124.67,50.0,120.57,1.18,29.33,590.52,27.87,9,Mixed,186.75,Pre-harvest
Wheat,Gujarat,Clay,7.1,151.97,46.82,99.86,1.39,39.6,569.58,25.69,15,Potash,114.96,After sowing
Cotton,Maharashtra,Loamy,6.39,155.61,47.41,137.73,1.03,20.65,631.59,32.04,11,Urea,160.8,Mid growth
Rice,Maharashtra,Sandy,6.81,138.86,41.16,142.58,1.32,22.89,1396.77,27.7,5,DAP,134.58,After sowing
Tomato,Andhra Pradesh,Clay,5.82,167.39,45.23,137.31,1.26,27.13,665.31,26.82,5,Mixed,145.23,Mid growth
Cotton,Maharashtra,Sandy,6.74,121.73,39.79,126.19,1.52,34.62,723.81,32.25,13,Compost,112.8,Pre-harvest
Cotton,Tamil Nadu,Silty,7.07,111.11,51.06,118.72,1.52,28.33,575.74,32.31,5,Urea,92.05,Before sowing
Sugarcane,Gujarat,Clay,6.16,132.42,59.92,143.24,1.02,36.17,1112.91,29.64,17,DAP,121.03,Mid growth
Rice,Tamil Nadu,Sandy,6.91,146.08,43.18,131.04,1.75,39.27,1431.4,29.01,9,Compost,115.68,Pre-harvest
Potato,Tamil Nadu,Sandy,5.96,171.12,38.91,126.95,1.62,21.91,600.46,26.09,16,Compost,197.91,Before sowing
Groundnut,Karnataka,Silty,6.38,138.38,40.72,125.93,1.25,35.12,701.98,32.83,17,Potash,93.01,After sowing
Tomato,Tamil Nadu,Peaty,7.48,186.78,42.94,122.03,1.8,24.82,761.15,22.99,8,Compost,97.83,Pre-harvest
Maize,Tamil Nadu,Silty,7.16,114.68,43.2,133.8,1.02,38.81,574.2,28.73,9,Urea,124.23,Pre-harvest
Potato,Karnataka,Loamy,5.87,166.94,57.6,150.98,1.78,25.8,629.44,20.68,6,Compost,106.51,After sowing
Sugarcane,Karnataka,Peaty,6.71,170.94,40.21,104.54,1.42,25.56,1367.37,31.45,9,DAP,169.33,Mid growth
Sugarcane,Maharashtra,Silty,6.57,121.38,36.71,111.32,1.32,39.37,847.05,26.51,14,DAP,94.38,Pre-harvest
Wheat,Karnataka,Clay,7.34,144.03,29.19,83.54,1.02,25.52,430.41,22.19,10,DAP,146.36,Before sowing
Potato,Karnataka,Clay,6.87,189.64,60.3,117.9,1.49,37.94,658.97,20.92,20,Mixed,116.25,Before sowing
Rice,Gujarat,Clay,6.8,174.5,34.5,125.62,1.47,39.54,1050.81,26.95,12,Urea,196.35,Before sowing
Rice,Gujarat,Peaty,6.34,135.35,58.07,130.77,1.54,27.06,1361.46,25.91,6,Compost,165.66,After sowing
Wheat,Andhra Pradesh,Peaty,6.86,123.49,31.06,120.23,1.44,23.34,692.84,22.69,4,Potash,107.17,Before sowing
Millet,Maharashtra,Peaty,7.08,121.22,47.63,104.43,0.81,28.78,408.71,24.37,17,Mixed,120.31,Mid growth
Maize,Gujarat,Clay,7.46,111.37,28.71,132.47,1.5,28.71,570.19,22.88,14,Urea,156.27,Pre-harvest
Maize,Andhra Pradesh,Clay,6.32,148.12,35.34,115.93,1.25,33.47,716.84,22.77,8,Urea,191.87,Mid growth
Rice,Gujarat,Silty,6.61,142.86,43.5,153.98,1.0,38.67,1180.14,26.53,20,Mixed,107.42,After sowing
Tomato,Gujarat,Clay,7.49,159.58,58.43,140.81,1.38,23.69,759.47,22.88,15,Urea,167.73,Before sowing
Groundnut,Gujarat,Sandy,7.26,135.44,46.66,107.4,1.6,23.19,599.45,29.95,10,Compost,84.85,Pre-harvest
Maize,Gujarat,Silty,6.16,113.11,32.41,118.74,1.11,33.44,634.05,28.3,8,Urea,119.01,Pre-harvest
Groundnut,Karnataka,Peaty,7.36,129.73,35.46,97.12,1.36,27.51,569.1,28.89,11,Potash,117.64,Before sowing
Rice,Tamil Nadu,Loamy,6.02,125.29,42.07,119.15,1.48,28.65,1305.56,25.47,15,DAP,137.37,Pre-harvest
Potato,Karnataka,Clay,6.13,137.2,50.89,139.93,1.54,36.02,675.34,24.98,16,Compost,98.14,Before sowing
Soybean,Maharashtra,Peaty,7.11,150.33,37.51,133.84,1.31,23.54,708.7,29.95,9,Compost,92.74,Before sowing
Maize,Karnataka,Silty,6.81,140.4,42.99,107.0,1.14,20.56,776.07,28.8,15,Urea,161.33,Pre-harvest
Rice,Gujarat,Loamy,7.1,144.74,31.65,158.11,1.55,37.55,1038.84,27.85,16,Compost,141.65,Before sowing
Maize,Andhra Pradesh,Sandy,6.16,126.93,41.94,103.47,1.02,35.91,591.03,23.03,15,Urea,119.45,Pre-harvest
Rice,Karnataka,Sandy,6.93,174.81,35.91,110.7,1.37,29.63,835.74,31.28,7,DAP,194.19,Before sowing
Groundnut,Gujarat,Peaty,6.36,147.05,44.84,97.04,1.29,21.87,661.57,31.32,4,Potash,81.9,Pre-harvest
Maize,Tamil Nadu,Clay,6.53,106.42,36.92,131.57,0.89,21.15,465.25,25.11,16,Urea,147.91,Before sowing
Maize,Tamil Nadu,Clay,6.73,108.67,31.95,127.4,1.45,25.34,441.13,29.08,15,Urea,110.73,Pre-harvest
Maize,Andhra Pradesh,Silty,5.87,129.88,37.42,124.51,0.98,38.25,475.87,21.88,14,Mixed,163.97,Pre-harvest
Groundnut,Gujarat,Sandy,7.47,127.82,43.73,130.16,1.2,35.3,860.39,31.41,15,Mixed,172.27,Before sowing
Potato,Tamil Nadu,Peaty,5.96,145.66,60.08,110.63,1.42,30.85,807.55,26.23,4,Urea,187.7,After sowing
Wheat,Andhra Pradesh,Silty,6.5,142.64,30.18,110.85,0.96,35.48,686.05,27.66,20,Compost,105.69,Pre-harvest
Cotton,Gujarat,Silty,7.32,113.02,47.99,96.06,1.31,27.29,770.89,33.0,12,Urea,132.74,After sowing
Rice,Andhra Pradesh,Clay,7.38,152.38,55.61,149.18,1.27,32.49,1479.27,26.44,4,Urea,123.58,Before sowing
Rice,Karnataka,Clay,6.41,158.55,45.46,123.6,1.55,30.1,1418.96,33.9,13,Compost,187.76,Before sowing
Potato,Andhra Pradesh,Sandy,6.95,165.16,61.92,114.16,1.56,30.5,654.02,26.96,4,Compost,150.41,Before sowing
Sugarcane,Maharashtra,Sandy,6.74,147.4,59.73,131.27,1.48,25.12,1139.06,25.58,17,Mixed,92.49,Pre-harvest
Potato,Andhra Pradesh,Loamy,5.84,150.38,56.27,151.84,1.59,36.62,644.85,19.99,4,Compost,174.62,Before sowing
Cotton,Karnataka,Silty,6.79,150.15,51.23,135.9,1.34,30.53,885.31,29.96,7,DAP,93.07,Before sowing
Sugarcane,Maharashtra,Silty,6.8,157.61,30.92,151.29,1.08,36.4,1499.45,25.83,20,Mixed,192.24,Pre-harvest
Sugarcane,Karnataka,Loamy,7.24,122.44,52.63,108.85,1.71,21.85,818.09,25.38,14,Compost,91.83,Pre-harvest
Sugarcane,Tamil Nadu,Loamy,6.42,174.16,42.59,143.32,1.75,34.16,1397.78,26.72,20,Compost,117.75,After sowing
Maize,Andhra Pradesh,Clay,6.6,123.46,33.87,80.49,1.35,22.47,704.55,22.12,19,Potash,133.44,After sowing
Wheat,Andhra Pradesh,Clay,5.99,148.66,28.81,139.36,0.93,28.7,729.35,26.4,19,DAP,141.86,Before sowing
Maize,Andhra Pradesh,Loamy,7.28,133.09,41.92,98.77,1.16,20.91,461.56,26.01,8,Potash,91.97,Before sowing
Groundnut,Gujarat,Clay,6.83,156.55,43.18,136.13,1.39,29.26,582.48,28.08,15,Urea,122.0,After sowing
Wheat,Tamil Nadu,Peaty,6.53,146.32,31.33,119.47,1.0,32.33,713.2,27.55,11,Mixed,163.3,Mid growth
Rice,Gujarat,Loamy,6.77,162.45,40.53,137.84,1.56,28.62,1197.65,31.34,8,Compost,101.22,Pre-harvest
Cotton,Andhra Pradesh,Silty,5.95,159.52,42.17,140.45,1.11,33.44,536.42,26.7,7,Urea,146.54,Pre-harvest
Sugarcane,Andhra Pradesh,Silty,6.63,126.85,55.34,133.31,1.5,30.16,964.23,26.54,12,Compost,104.17,After sowing
Groundnut,Gujarat,Peaty,7.27,164.54,50.05,114.36,1.14,31.98,876.13,26.72,15,Compost,197.98,Before sowing
Cotton,Gujarat,Loamy,6.3,123.97,42.26,113.54,1.19,37.91,863.64,24.04,6,Potash,158.62,Before sowing
Tomato,Andhra Pradesh,Silty,6.84,138.81,41.06,148.89,1.58,32.78,984.11,24.83,14,Compost,93.68,Mid growth
Wheat,Gujarat,Clay,6.01,105.33,28.5,124.35,1.2,22.98,471.85,27.53,14,Urea,97.5,After sowing
Cotton,Andhra Pradesh,Clay,7.44,160.35,45.42,140.33,1.41,29.12,836.68,26.98,14,Mixed,83.16,After sowing
Tomato,Andhra Pradesh,Silty,6.24,180.81,57.02,119.69,1.7,30.52,708.05,23.8,19,Compost,152.72,Mid growth
Tomato,Karnataka,Silty,6.36,147.73,43.16,136.74,1.45,32.04,871.47,24.91,15,Potash,90.04,Pre-harvest
Groundnut,Maharashtra,Peaty,6.03,147.29,54.64,130.06,1.58,38.45,852.81,24.82,11,Compost,125.75,Before sowing
Cotton,Gujarat,Loamy,6.49,113.57,35.7,107.23,1.44,20.24,664.18,26.89,19,Urea,92.76,Before sowing
Maize,Gujarat,Loamy,7.06,137.8,38.07,91.63,1.27,33.56,638.46,26.62,11,Potash,122.56,Mid growth
Cotton,Karnataka,Clay,6.23,121.76,30.79,104.5,1.14,31.69,884.03,30.94,11,DAP,121.78,Pre-harvest
Cotton,Andhra Pradesh,Silty,7.41,130.43,49.86,129.52,1.04,27.69,809.1,25.37,4,Compost,125.87,Mid growth
Rice,Gujarat,Loamy,6.23,127.44,45.17,157.01,1.52,39.11,1454.46,27.61,4,Compost,87.91,Before sowing
Potato,Andhra Pradesh,Silty,6.99,147.82,39.27,156.74,1.64,22.52,659.86,25.84,5,Compost,160.66,Pre-harvest
Tomato,Maharashtra,Clay,6.6,171.52,46.06,112.54,1.47,21.06,740.33,27.19,16,Urea,106.62,After sowing
Potato,Karnataka,Peaty,6.85,178.96,36.85,147.03,1.78,25.97,923.8,18.01,14,Compost,175.96,Mid growth
Sugarcane,Andhra Pradesh,Peaty,6.77,161.03,51.15,132.04,1.65,25.21,1338.24,30.26,12,Compost,138.12,After sowing
Maize,Karnataka,Loamy,6.74,156.73,25.26,108.11,1.29,26.32,744.84,24.51,9,DAP,173.57,Pre-harvest
Sugarcane,Andhra Pradesh,Loamy,7.5,167.01,55.03,105.69,1.15,32.87,1036.78,28.57,4,Mixed,173.69,Before sowing
Sugarcane,Gujarat,Peaty,6.84,121.26,58.75,155.44,1.03,22.18,1475.64,25.56,19,Urea,129.6,Pre-harvest
Sugarcane,Andhra Pradesh,Peaty,6.53,161.6,43.05,123.99,1.26,34.35,1427.82,30.26,19,Mixed,181.97,Pre-harvest
Sugarcane,Gujarat,Clay,6.9,161.98,58.54,101.99,1.53,33.25,1224.2,26.26,14,Compost,156.09,Pre-harvest
Maize,Tamil Nadu,Clay,6.63,150.34,32.67,136.32,1.05,21.32,694.61,23.45,12,Urea,114.37,After sowing
Tomato,Maharashtra,Sandy,6.73,134.76,52.88,122.37,1.75,28.42,607.34,23.31,17,Compost,119.89,Pre-harvest
Tomato,Andhra Pradesh,Sandy,5.94,162.79,49.72,154.36,1.2,36.73,739.38,21.77,7,DAP,109.26,Pre-harvest
Soybean,Maharashtra,Peaty,7.08,132.0,53.99,135.6,1.23,33.61,881.49,25.35,9,Compost,104.91,Before sowing
Millet,Tamil Nadu,Loamy,6.67,141.55,35.81,126.08,1.37,36.48,715.54,22.03,15,Urea,120.78,After sowing
Wheat,Andhra Pradesh,Peaty,5.82,111.32,25.3,91.57,1.48,24.06,609.56,21.83,15,Urea,125.71,Pre-harvest
Soybean,Gujarat,Silty,6.01,149.04,53.2,113.24,1.56,28.47,822.09,25.23,17,Compost,115.16,Mid growth
Groundnut,Karnataka,Peaty,6.68,162.25,52.57,141.66,1.57,20.56,552.55,31.56,13,Compost,141.95,Pre-harvest
Cotton,Gujarat,Loamy,7.4,158.77,34.48,97.97,1.05,22.82,682.92,32.33,9,Potash,142.76,Before sowing
Soybean,Maharashtra,Clay,6.58,115.64,49.03,92.91,1.06,32.29,579.57,29.81,14,Urea,157.05,Before sowing
Wheat,Gujarat,Clay,7.07,151.38,40.64,93.01,1.19,31.37,728.03,26.36,10,Potash,108.12,After sowing
Groundnut,Maharashtra,Loamy,7.28,156.81,54.6,114.65,1.44,39.14,608.53,32.66,9,Compost,199.08,Before sowing
Millet,Maharashtra,Peaty,6.36,127.91,35.45,86.13,1.33,38.79,713.38,27.38,8,Potash,113.05,Mid growth
Wheat,Gujarat,Sandy,7.39,115.27,28.2,113.15,1.43,31.23,622.27,21.83,5,Urea,115.64,Mid growth
Tomato,Tamil Nadu,Peaty,6.61,177.37,61.88,110.88,1.32,28.1,880.02,26.2,12,Mixed,117.22,Mid growth
Groundnut,Gujarat,Silty,6.82,158.08,48.0,109.13,1.03,28.87,657.1,31.47,4,Compost,131.85,Pre-harvest
Millet,Gujarat,Loamy,7.1,139.11,48.39,95.03,1.07,36.49,618.99,20.74,9,Potash,82.71,Mid growth
Potato,Gujarat,Loamy,7.19,145.85,57.32,154.94,1.2,29.22,603.83,20.85,18,Potash,187.57,Before sowing
Tomato,Maharashtra,Silty,7.33,146.66,59.14,119.16,1.59,26.74,796.43,27.05,17,Compost,149.44,After sowing
Sugarcane,Maharashtra,Peaty,7.17,135.64,42.04,145.0,1.56,25.55,1136.1,28.64,8,Compost,101.27,Mid growth
Maize,Karnataka,Silty,6.8,118.64,38.9,128.69,0.97,34.02,521.75,24.12,12,Urea,184.62,Pre-harvest
Potato,Gujarat,Peaty,5.84,186.22,41.19,154.09,1.62,37.94,886.83,20.19,19,Compost,162.13,Pre-harvest
Soybean,Gujarat,Sandy,6.57,115.88,40.92,112.33,1.55,27.15,619.32,31.06,6,Urea,127.05,After sowing
Cotton,Tamil Nadu,Clay,7.49,154.72,47.67,149.3,1.4,34.56,835.43,24.43,6,Urea,161.6,After sowing
Soybean,Karnataka,Sandy,6.53,154.5,53.58,145.8,1.54,25.64,526.27,32.94,8,Compost,133.37,After sowing
Tomato,Karnataka,Silty,7.06,178.48,47.29,128.84,1.39,30.84,965.09,20.72,5,DAP,144.78,Before sowing
Groundnut,Maharashtra,Silty,6.34,130.04,30.48,143.21,1.0,27.6,891.96,26.25,19,DAP,195.79,Mid growth
Cotton,Tamil Nadu,Peaty,7.28,145.52,45.71,147.77,1.38,37.03,602.8,25.42,17,Potash,140.6,Mid growth
Rice,Maharashtra,Clay,6.67,174.83,31.88,144.9,1.51,23.79,1241.37,33.65,9,Compost,118.64,After sowing
Maize,Tamil Nadu,Clay,6.93,156.45,31.39,135.62,0.9,38.17,558.38,25.71,15,Compost,129.67,Pre-harvest
Wheat,Maharashtra,Clay,7.38,134.28,28.26,135.62,0.94,30.96,633.34,20.37,17,DAP,178.64,Mid growth
Millet,Maharashtra,Silty,7.22,122.77,28.03,101.29,1.25,20.53,612.73,22.51,10,DAP,180.64,Mid growth
Maize,Gujarat,Peaty,7.5,115.81,29.1,132.27,0.98,26.28,642.59,26.51,16,Urea,114.95,Pre-harvest
Soybean,Tamil Nadu,Peaty,6.39,127.42,49.39,116.43,1.36,20.35,726.91,27.06,15,Potash,128.25,Before sowing
Cotton,Andhra Pradesh,Loamy,6.99,159.37,51.24,116.87,1.05,30.89,619.94,26.25,10,Mixed,158.51,Mid growth
Tomato,Andhra Pradesh,Silty,7.06,132.14,46.19,121.14,1.32,23.22,844.58,25.16,5,Mixed,197.91,Mid growth
Tomato,Tamil Nadu,Peaty,6.65,181.35,57.79,145.63,1.4,32.33,836.35,18.46,13,Urea,176.42,After sowing
Wheat,Andhra Pradesh,Peaty,6.31,133.81,44.57,105.76,1.39,36.51,616.38,26.63,16,Compost,83.94,Mid growth
Sugarcane,Karnataka,Loamy,7.36,144.26,51.97,158.34,1.04,28.96,834.98,31.82,7,Compost,91.33,After sowing
Millet,Gujarat,Clay,6.37,147.9,43.54,98.26,1.18,33.93,765.94,21.25,10,Potash,153.19,Mid growth
Millet,Karnataka,Peaty,5.87,103.13,29.44,105.53,1.47,28.39,683.44,29.16,16,Urea,153.38,After sowing
Millet,Andhra Pradesh,Silty,7.38,101.16,42.35,117.72,1.34,27.02,525.48,24.41,14,Urea,85.21,Before sowing
Potato,Andhra Pradesh,Sandy,6.17,154.26,37.66,154.75,1.69,34.97,744.55,23.17,15,Compost,135.43,Before sowing
Maize,Karnataka,Loamy,7.48,135.64,30.28,101.72,0.88,21.96,554.93,22.11,13,DAP,85.14,Mid growth
Potato,Maharashtra,Clay,6.8,184.53,54.47,115.2,1.69,30.64,802.64,25.13,9,Compost,199.08,Before sowing
Cotton,Andhra Pradesh,Loamy,6.68,117.62,40.6,144.73,1.08,28.71,536.74,29.21,9,Urea,115.81,Mid growth
Rice,Gujarat,Clay,7.46,129.06,48.35,110.52,1.66,28.94,1257.14,27.19,6,Compost,178.77,Before sowing
Sugarcane,Andhra Pradesh,Loamy,6.95,142.39,54.0,152.9,1.67,34.13,1155.61,28.55,20,Compost,143.16,Pre-harvest
Groundnut,Maharashtra,Peaty,6.16,117.42,34.61,149.69,1.04,30.85,676.74,25.26,17,Urea,196.13,Mid growth
Groundnut,Karnataka,Silty,5.85,120.21,45.07,104.37,1.14,21.12,846.21,31.5,8,Mixed,92.18,After sowing
Cotton,Karnataka,Clay,7.4,169.9,54.52,123.33,1.34,25.36,674.5,30.78,6,Urea,156.85,Before sowing
Maize,Andhra Pradesh,Clay,6.26,146.44,38.75,106.41,1.41,34.98,589.99,28.06,9,Potash,156.2,After sowing
Millet,Andhra Pradesh,Silty,6.07,125.07,47.24,117.14,1.08,35.87,787.92,21.76,10,DAP,129.82,Before sowing
Groundnut,Tamil Nadu,Sandy,5.84,149.93,30.76,133.98,1.04,22.94,648.73,27.78,18,Potash,151.85,After sowing
Soybean,Maharashtra,Loamy,6.67,161.14,53.17,91.46,1.33,23.3,667.98,30.36,11,Potash,193.05,Pre-harvest
Wheat,Maharashtra,Loamy,5.95,153.04,32.22,84.96,1.0,35.18,575.16,26.19,20,Potash,113.66,Pre-harvest
Maize,Karnataka,Clay,7.36,110.46,37.61,103.49,1.22,20.11,522.78,21.78,12,Urea,159.62,After sowing
Rice,Andhra Pradesh,Loamy,6.0,129.8,34.55,157.29,1.77,27.01,1190.32,25.62,17,Compost,158.81,Mid growth
Soybean,Karnataka,Sandy,7.01,131.75,31.52,119.02,1.21,26.4,525.83,26.43,20,DAP,142.09,Pre-harvest
Sugarcane,Tamil Nadu,Silty,7.13,143.29,56.47,107.6,1.57,21.16,993.16,27.76,20,Compost,172.16,After sowing
Wheat,Maharashtra,Loamy,6.59,119.35,36.82,124.02,1.38,20.62,453.11,24.02,18,Urea,107.23,Pre-harvest
Maize,Tamil Nadu,Clay,6.65,107.49,26.37,120.0,1.18,29.57,446.25,26.35,10,Urea,128.65,Pre-harvest
Cotton,Maharashtra,Silty,7.1,120.53,38.15,119.34,1.24,31.62,709.94,27.84,13,Compost,114.49,After sowing
Cotton,Karnataka,Peaty,6.48,110.29,36.45,130.38,1.25,22.88,696.95,30.12,10,Urea,133.6,After sowing
Soybean,Karnataka,Sandy,5.86,162.69,41.37,117.23,1.23,23.95,812.31,32.49,15,DAP,128.9,Mid growth
Millet,Andhra Pradesh,Clay,7.03,120.54,25.46,84.78,1.33,20.53,604.15,23.84,17,DAP,199.61,Mid growth
Maize,Gujarat,Sandy,6.57,116.97,46.68,94.91,0.97,20.48,760.37,28.04,17,Urea,191.28,Mid growth
Soybean,Karnataka,Sandy,7.0,138.53,37.22,102.15,1.34,30.03,603.28,25.36,9,DAP,84.45,Pre-harvest
Wheat,Andhra Pradesh,Sandy,7.45,134.84,44.48,112.18,1.43,26.75,637.73,22.53,4,Urea,144.58,Before sowing
Sugarcane,Andhra Pradesh,Sandy,7.25,124.17,56.41,157.0,1.31,24.06,1482.7,28.42,5,Potash,129.04,Pre-harvest
Cotton,Maharashtra,Sandy,7.46,147.4,51.56,112.69,1.13,34.51,590.36,29.86,4,Mixed,105.54,Before sowing
Wheat,Maharashtra,Sandy,6.72,113.24,26.25,101.77,1.02,28.63,663.46,28.04,11,Urea,104.47,Mid growth
Maize,Andhra Pradesh,Peaty,6.96,103.97,26.3,131.72,1.48,36.22,752.11,28.59,4,Urea,109.09,Mid growth
Rice,Gujarat,Clay,6.87,121.63,31.57,124.09,1.4,32.58,1160.41,32.86,7,Compost,83.17,Mid growth
Maize,Karnataka,Peaty,7.14,108.63,28.32,95.77,1.41,35.89,510.9,22.2,16,Urea,88.83,Before sowing
Potato,Karnataka,Clay,6.69,146.84,53.29,150.89,1.76,27.29,735.09,19.05,5,Compost,185.82,Mid growth
Rice,Tamil Nadu,Clay,6.64,124.04,58.96,152.23,1.61,39.44,1251.97,25.78,17,Compost,162.57,Mid growth
Maize,Gujarat,Loamy,7.19,137.2,40.79,120.36,0.94,34.56,555.26,25.79,18,Compost,128.28,After sowing
Millet,Gujarat,Peaty,7.15,149.36,38.87,109.22,0.87,21.88,687.91,25.32,7,Compost,87.76,Pre-harvest
Maize,Andhra Pradesh,Sandy,6.5,117.47,27.53,122.9,1.15,22.02,563.05,22.76,9,Urea,171.37,Pre-harvest
Maize,Tamil Nadu,Silty,6.68,120.81,38.0,94.58,1.25,23.52,775.54,23.44,20,Potash,105.43,Pre-harvest
Potato,Maharashtra,Silty,6.82,185.92,63.55,110.56,1.8,30.73,742.5,26.32,8,Compost,168.62,After sowing
Groundnut,Gujarat,Peaty,6.53,142.55,46.19,112.06,1.0,37.01,793.09,31.82,9,Urea,156.86,After sowing
Sugarcane,Andhra Pradesh,Sandy,6.24,121.34,38.47,143.16,1.15,28.51,972.11,26.21,8,Mixed,169.16,Pre-harvest
Millet,Karnataka,Sandy,6.79,122.99,26.9,90.63,1.39,36.51,750.94,29.28,19,DAP,92.03,Before sowing
Maize,Tamil Nadu,Silty,5.92,127.8,30.89,100.87,1.22,22.48,639.96,20.75,18,Compost,109.18,After sowing
Millet,Maharashtra,Loamy,6.54,138.3,32.24,104.63,1.45,30.31,518.39,23.36,6,Compost,163.56,Before sowing
Millet,Maharashtra,Peaty,6.03,114.81,34.86,137.16,1.3,29.51,507.55,21.17,18,Urea,130.11,Before sowing
Tomato,Tamil Nadu,Loamy,7.22,143.56,55.84,147.67,1.34,26.47,602.71,28.0,16,DAP,162.21,Mid growth
Tomato,Tamil Nadu,Loamy,6.48,131.01,35.74,135.51,1.77,25.39,787.91,21.78,14,Compost,91.21,After sowing
Maize,Gujarat,Sandy,7.01,136.95,41.1,81.57,0.97,36.66,768.74,27.43,20,Potash,108.45,Mid growth
Groundnut,Maharashtra,Peaty,6.33,151.85,35.32,141.04,1.13,24.88,538.56,32.48,18,Potash,190.62,After sowing
Soybean,Tamil Nadu,Silty,6.03,167.7,44.96,100.06,1.01,25.48,820.46,31.54,17,Compost,82.92,Mid growth
Potato,Gujarat,Clay,6.62,183.86,57.48,155.95,1.28,35.66,797.71,24.9,13,Mixed,131.95,Mid growth
Groundnut,Karnataka,Silty,6.73,133.74,39.14,115.11,1.22,24.8,819.52,26.69,10,Mixed,167.76,Pre-harvest
Cotton,Tamil Nadu,Clay,6.12,164.08,37.15,138.54,1.36,32.65,755.56,32.41,20,Urea,140.66,Mid growth
Cotton,Gujarat,Peaty,5.87,167.05,32.05,126.41,1.5,35.13,732.96,26.8,9,Compost,152.1,Mid growth
Soybean,Karnataka,Clay,6.08,116.71,35.45,140.61,1.09,38.41,516.83,26.23,4,Urea,180.93,Mid growth
Rice,Maharashtra,Silty,6.15,171.9,33.5,114.93,1.28,32.56,874.65,27.9,8,Compost,169.51,After sowing
Soybean,Tamil Nadu,Loamy,6.09,157.27,35.44,121.9,1.57,32.09,852.15,32.59,16,Compost,82.65,Before sowing
Wheat,Karnataka,Peaty,5.86,106.16,41.0,115.68,1.32,25.18,637.11,22.89,8,Urea,189.92,Before sowing
Groundnut,Tamil Nadu,Clay,6.8,158.22,48.57,119.92,1.53,21.24,749.41,25.66,14,Compost,181.33,After sowing
Sugarcane,Karnataka,Loamy,6.88,173.67,54.77,152.74,1.5,20.33,1345.09,30.33,12,DAP,197.33,Pre-harvest
Maize,Andhra Pradesh,Sandy,6.74,124.96,40.22,98.89,0.85,30.81,646.76,28.6,15,Potash,150.15,Mid growth
Soybean,Andhra Pradesh,Clay,6.35,126.79,35.44,115.96,1.25,34.05,560.62,31.09,17,Mixed,172.34,Mid growth
Groundnut,Karnataka,Clay,5.98,154.3,36.64,143.37,1.27,24.61,566.87,29.31,6,Potash,174.84,Pre-harvest
Tomato,Tamil Nadu,Clay,7.08,146.42,52.07,131.77,1.33,36.14,730.06,21.32,12,Urea,91.07,Mid growth
Maize,Gujarat,Clay,7.11,102.22,29.21,104.85,1.41,28.04,488.54,25.16,6,Urea,195.46,After sowing
Potato,Gujarat,Silty,7.46,159.57,62.88,157.31,1.52,29.1,951.3,23.99,13,Compost,159.73,Before sowing
Cotton,Karnataka,Silty,6.22,124.5,51.42,104.95,1.49,38.02,543.66,28.53,6,Mixed,125.83,Mid growth
Potato,Tamil Nadu,Loamy,7.09,186.72,59.78,113.97,1.71,23.81,997.84,25.17,5,Compost,121.67,After sowing
Groundnut,Andhra Pradesh,Sandy,6.41,126.52,43.27,131.86,1.15,22.91,851.07,27.63,18,Compost,145.48,Mid growth
Millet,Maharashtra,Silty,5.9,103.25,46.87,101.44,0.81,31.69,546.68,20.5,5,Urea,87.04,After sowing
Cotton,Maharashtra,Silty,6.87,162.84,44.61,133.7,1.42,28.69,764.97,32.41,9,Potash,176.3,After sowing
Rice,Andhra Pradesh,Loamy,6.39,173.98,53.21,117.58,1.56,35.91,1373.89,30.38,17,Compost,87.69,Mid growth
Millet,Maharashtra,Peaty,6.69,153.49,38.5,81.3,0.91,22.76,773.78,23.28,7,Potash,109.71,Pre-harvest
Tomato,Karnataka,Sandy,6.15,134.57,52.34,137.58,1.35,29.3,626.21,20.04,19,Compost,99.06,Before sowing
Sugarcane,Gujarat,Peaty,6.3,129.47,52.19,110.49,1.16,22.8,1243.12,25.87,19,Compost,146.94,Before sowing
Maize,Karnataka,Sandy,6.11,114.94,37.14,102.91,1.21,37.2,684.03,27.42,5,Urea,193.58,After sowing
Tomato,Tamil Nadu,Sandy,6.07,138.02,45.48,153.27,1.34,20.86,662.93,26.23,11,DAP,85.87,Pre-harvest
Potato,Gujarat,Loamy,6.24,144.47,39.15,159.25,1.57,36.44,640.8,20.95,12,Compost,128.92,Before sowing
Maize,Gujarat,Sandy,7.39,105.83,49.87,92.15,0.89,21.18,483.58,25.84,18,Urea,123.52,After sowing
Soybean,Karnataka,Sandy,7.01,133.99,31.2,128.58,1.55,25.24,520.1,28.89,6,Compost,181.29,Before sowing
Soybean,Gujarat,Loamy,6.04,146.59,52.09,128.05,1.23,34.32,673.76,31.72,11,Compost,182.32,Before sowing
Sugarcane,Andhra Pradesh,Peaty,5.98,133.98,38.44,158.44,1.63,34.86,1197.44,33.55,5,Compost,162.18,After sowing
Millet,Gujarat,Silty,6.2,133.12,47.92,110.13,1.01,22.45,528.69,28.46,6,Urea,167.42,Pre-harvest
Wheat,Karnataka,Silty,6.89,147.49,37.71,133.64,1.3,33.36,659.33,24.77,4,Urea,157.58,Mid growth
Rice,Andhra Pradesh,Loamy,7.46,134.92,59.42,158.4,1.58,30.1,847.51,26.55,14,Compost,108.8,After sowing
Cotton,Tamil Nadu,Peaty,5.89,138.39,54.0,129.54,1.17,21.06,694.64,26.53,14,DAP,102.93,Mid growth
Wheat,Tamil Nadu,Silty,6.37,143.11,46.05,87.62,1.11,27.79,454.99,28.82,18,Potash,145.48,After sowing
Millet,Karnataka,Loamy,7.44,154.11,47.17,139.27,1.14,25.49,490.51,26.03,19,Mixed,171.88,Mid growth
Millet,Tamil Nadu,Loamy,7.37,155.44,32.94,125.72,0.95,26.56,686.43,21.84,4,DAP,105.76,Mid growth
Rice,Gujarat,Peaty,6.17,170.23,51.77,122.53,1.68,21.27,1160.07,26.35,18,Compost,118.16,Before sowing
Groundnut,Andhra Pradesh,Silty,6.66,136.05,37.67,136.36,1.24,34.84,887.15,32.77,17,Potash,190.18,Pre-harvest
Maize,Tamil Nadu,Loamy,7.05,106.83,30.97,94.61,1.38,30.43,721.71,20.79,8,Urea,124.29,Mid growth
Potato,Karnataka,Loamy,6.9,179.95,64.99,122.85,1.3,24.82,886.53,19.57,11,Compost,186.44,After sowing
Tomato,Gujarat,Peaty,6.57,185.36,44.25,149.55,1.47,36.26,871.81,23.22,7,Urea,174.72,Mid growth
Groundnut,Karnataka,Peaty,6.99,117.93,33.56,90.65,1.05,21.84,672.99,30.87,13,Urea,190.93,Before sowing
Potato,Maharashtra,Loamy,7.4,175.93,56.88,146.85,1.66,35.37,831.29,18.73,7,Compost,94.37,Pre-harvest
Soybean,Karnataka,Loamy,7.04,135.79,47.1,98.78,1.54,23.79,624.31,30.23,12,Potash,89.49,After sowing
Groundnut,Karnataka,Silty,6.66,142.4,48.69,99.24,1.53,35.05,614.84,27.66,12,Potash,197.75,Mid growth
Rice,Gujarat,Peaty,6.51,137.02,58.49,159.92,1.45,31.32,1181.31,30.24,11,DAP,86.65,Before sowing
Cotton,Gujarat,Sandy,6.1,120.34,30.0,133.11,1.58,24.07,840.09,28.81,20,Compost,114.13,Before sowing
Soybean,Gujarat,Peaty,7.02,167.81,49.17,117.46,1.42,31.28,667.88,28.67,6,Urea,169.58,Before sowing
Soybean,Andhra Pradesh,Peaty,6.71,129.8,41.75,145.79,1.07,37.74,547.04,27.45,18,Mixed,148.5,After sowing
Sugarcane,Gujarat,Silty,6.14,148.03,51.72,140.02,1.21,34.67,1197.99,33.63,7,Urea,100.91,After sowing
Wheat,Andhra Pradesh,Loamy,7.36,121.49,29.04,112.02,1.35,26.94,449.54,26.08,13,DAP,107.11,After sowing
Wheat,Andhra Pradesh,Silty,6.81,135.72,34.27,135.26,1.43,23.75,499.58,29.54,7,DAP,139.19,Mid growth
Sugarcane,Andhra Pradesh,Silty,6.96,127.4,46.78,148.91,1.21,33.29,1065.73,31.25,12,Mixed,169.5,Before sowing
Tomato,Gujarat,Clay,6.48,152.68,64.14,151.18,1.37,36.17,959.24,20.06,5,Urea,99.5,Before sowing
Tomato,Andhra Pradesh,Peaty,7.36,138.02,51.31,155.05,1.44,34.56,833.49,18.02,10,DAP,159.99,Pre-harvest
Soybean,Andhra Pradesh,Peaty,6.45,141.62,30.68,149.07,1.27,34.93,655.09,28.9,17,Urea,187.14,After sowing
Maize,Andhra Pradesh,Sandy,7.34,110.91,37.61,114.62,0.99,34.89,425.1,27.3,4,Urea,121.6,After sowing
Soybean,Maharashtra,Silty,6.55,154.13,47.21,102.55,1.42,35.45,829.97,26.86,13,Compost,165.49,Pre-harvest
Rice,Maharashtra,Clay,6.59,141.33,34.44,134.55,1.24,25.48,959.89,29.67,13,DAP,80.48,Mid growth
Maize,Maharashtra,Sandy,6.1,127.45,26.59,85.14,1.23,25.66,796.13,26.88,18,DAP,148.42,Mid growth
Sugarcane,Maharashtra,Loamy,7.36,150.1,58.59,124.43,1.43,36.45,885.38,32.77,18,Urea,90.32,Before sowing
Millet,Karnataka,Silty,6.67,157.72,29.14,96.02,0.87,23.42,479.97,27.36,5,DAP,86.15,Pre-harvest
Tomato,Gujarat,Clay,5.91,146.39,51.13,110.36,1.37,33.93,744.27,27.03,19,DAP,160.99,Mid growth
Maize,Tamil Nadu,Loamy,7.36,139.73,35.63,130.85,0.96,23.76,440.86,24.1,20,Potash,157.01,Mid growth
Maize,Gujarat,Clay,7.48,159.38,41.84,92.42,0.8,22.84,735.53,27.19,18,Potash,116.95,Pre-harvest
Tomato,Gujarat,Loamy,6.35,155.95,64.82,156.41,1.43,26.89,842.87,19.6,20,Mixed,138.26,Pre-harvest
Rice,Andhra Pradesh,Clay,6.61,126.74,37.78,130.03,1.71,23.38,1488.93,34.68,11,Compost,191.92,Mid growth
Cotton,Andhra Pradesh,Silty,5.98,151.38,34.87,119.65,1.18,32.01,650.03,24.73,11,Mixed,160.55,After sowing
Millet,Maharashtra,Silty,6.92,155.77,47.06,81.9,0.85,22.02,727.82,23.8,8,Potash,83.39,Before sowing
Soybean,Karnataka,Peaty,7.48,131.93,47.09,95.94,1.56,21.34,791.98,32.87,19,Potash,183.53,Pre-harvest
Sugarcane,Maharashtra,Loamy,6.3,122.28,42.23,100.75,1.29,24.58,1494.78,30.64,12,Mixed,166.61,Before sowing
Wheat,Gujarat,Sandy,6.84,120.06,25.16,97.25,1.12,34.88,429.83,25.92,12,DAP,131.18,After sowing
Cotton,Maharashtra,Loamy,6.68,116.97,35.69,137.8,1.53,21.79,858.57,27.64,5,Urea,178.07,Before sowing
Maize,Andhra Pradesh,Sandy,6.05,108.36,33.26,83.2,1.48,34.26,404.11,21.45,9,Urea,101.34,After sowing
Sugarcane,Maharashtra,Loamy,6.2,171.79,50.68,141.4,1.59,22.83,1095.7,32.53,6,Compost,105.4,Before sowing
Wheat,Andhra Pradesh,Loamy,6.68,112.25,31.64,121.42,1.2,32.35,645.83,25.35,7,Urea,174.47,Pre-harvest
Groundnut,Gujarat,Clay,5.81,165.66,45.45,128.53,1.38,31.44,879.52,30.59,13,Potash,111.76,Mid growth
Sugarcane,Andhra Pradesh,Peaty,5.96,150.47,44.9,136.64,1.53,39.25,1420.83,32.22,10,Compost,96.26,Mid growth
Soybean,Gujarat,Sandy,5.98,131.89,53.64,117.56,1.01,21.12,649.57,27.07,15,Urea,117.05,Mid growth
Soybean,Maharashtra,Sandy,6.62,140.01,43.9,147.77,1.45,36.3,791.1,28.42,18,Mixed,161.83,Before sowing
Wheat,Karnataka,Loamy,7.33,151.92,31.66,83.12,1.12,25.68,766.2,26.05,5,Potash,171.4,After sowing
Wheat,Karnataka,Loamy,7.45,111.06,29.98,83.76,1.23,22.74,730.51,24.83,14,Urea,107.56,Pre-harvest
Maize,Maharashtra,Loamy,6.47,127.31,33.77,106.28,0.85,22.2,747.78,24.37,17,Urea,150.15,Pre-harvest
Cotton,Maharashtra,Loamy,6.19,115.56,32.8,139.02,1.56,28.48,893.66,30.27,14,Urea,83.6,After sowing
Sugarcane,Tamil Nadu,Clay,6.87,153.59,30.59,142.56,1.02,29.1,1108.18,26.47,7,Urea,136.54,After sowing
Cotton,Gujarat,Loamy,6.18,134.84,48.05,123.24,1.06,23.93,681.55,25.61,8,Mixed,188.35,After sowing
Wheat,Gujarat,Silty,6.65,158.13,44.39,81.29,1.31,21.72,494.57,24.92,17,Potash,106.32,Before sowing
Soybean,Tamil Nadu,Silty,6.45,125.86,39.57,101.62,1.32,37.35,714.73,31.14,13,Potash,194.98,Mid growth
Cotton,Andhra Pradesh,Loamy,7.1,139.79,48.92,106.35,1.15,22.93,678.55,25.9,10,Compost,111.0,Mid growth
Sugarcane,Gujarat,Clay,7.19,127.42,50.46,135.61,1.27,24.24,1486.93,30.83,17,Mixed,91.61,Pre-harvest
Groundnut,Andhra Pradesh,Sandy,7.25,157.58,34.45,108.67,1.29,29.44,590.1,28.98,12,Mixed,83.44,Pre-harvest
Wheat,Maharashtra,Peaty,7.47,107.21,31.76,122.1,1.2,21.17,487.92,28.15,20,Urea,196.03,Mid growth
Millet,Andhra Pradesh,Peaty,6.34,125.17,30.09,129.41,1.2,20.6,574.41,26.89,20,DAP,146.4,Before sowing
Rice,Tamil Nadu,Loamy,6.4,176.63,55.92,140.74,1.56,29.23,864.41,32.63,18,Compost,188.93,Pre-harvest
Tomato,Maharashtra,Loamy,6.64,183.4,37.48,154.0,1.78,20.25,949.92,23.88,13,Compost,136.01,Mid growth
Groundnut,Tamil Nadu,Sandy,6.7,144.26,34.02,101.8,1.27,37.52,680.78,30.57,16,Mixed,116.97,Before sowing
Soybean,Gujarat,Silty,6.24,125.94,34.92,94.76,1.43,37.12,600.95,24.6,19,Potash,96.85,After sowing
Cotton,Andhra Pradesh,Loamy,6.2,135.76,43.77,98.36,1.51,26.02,880.36,27.95,8,Potash,92.88,Before sowing
Rice,Tamil Nadu,Silty,6.24,156.26,56.01,139.13,1.24,20.89,1037.29,25.21,16,Mixed,143.58,After sowing
Cotton,Karnataka,Sandy,6.16,168.68,33.73,144.03,1.54,30.98,740.71,31.2,16,Compost,91.61,Pre-harvest
Wheat,Gujarat,Clay,6.39,116.53,43.36,91.19,0.83,27.54,737.53,20.71,15,Urea,121.53,Before sowing
Maize,Tamil Nadu,Peaty,6.67,101.89,42.98,114.45,1.1,29.22,490.22,29.18,7,Urea,170.74,After sowing
Maize,Karnataka,Peaty,6.05,150.12,29.6,129.49,1.08,23.1,532.26,26.55,7,DAP,133.47,After sowing
Cotton,Karnataka,Clay,5.97,126.94,33.61,142.88,1.47,39.27,547.32,31.45,12,Urea,121.45,Before sowing
Soybean,Maharashtra,Sandy,7.48,158.39,39.19,144.04,1.05,21.08,779.34,27.63,18,DAP,81.6,After sowing
Tomato,Andhra Pradesh,Silty,7.48,163.07,49.13,115.3,1.27,26.41,893.74,23.19,11,Urea,107.56,Before sowing
Millet,Gujarat,Sandy,7.26,112.6,49.33,114.53,1.44,32.3,580.33,25.2,6,Urea,152.4,After sowing
Maize,Karnataka,Sandy,6.05,148.07,37.52,98.68,0.92,35.8,761.65,22.2,9,Potash,129.44,Mid growth
Wheat,Gujarat,Clay,6.17,104.06,28.87,108.87,0.97,37.78,415.62,27.76,11,Urea,191.53,After sowing
Millet,Maharashtra,Sandy,7.08,132.43,43.38,134.94,0.87,21.65,620.49,22.61,19,Potash,139.98,Before sowing
Maize,Gujarat,Sandy,5.86,142.13,35.55,99.7,0.87,22.95,481.73,26.97,10,Potash,90.89,Pre-harvest
Potato,Andhra Pradesh,Loamy,6.0,154.14,52.35,137.7,1.41,27.93,722.91,19.91,10,Compost,190.16,Pre-harvest
Potato,Tamil Nadu,Silty,5.93,160.93,48.44,155.69,1.53,39.02,724.21,18.05,18,Compost,198.35,Pre-harvest
Rice,Andhra Pradesh,Silty,7.48,122.51,33.5,101.09,1.08,33.85,1282.37,34.28,20,Compost,183.06,After sowing
Soybean,Gujarat,Silty,5.95,160.74,46.8,130.11,1.06,25.9,732.15,24.19,10,DAP,156.58,Mid growth
Soybean,Gujarat,Sandy,6.5,168.95,53.27,90.38,1.03,33.77,657.89,31.61,16,Potash,107.67,Mid growth
Wheat,Maharashtra,Sandy,7.04,148.31,38.04,119.81,0.8,20.15,619.81,29.69,14,Urea,176.89,Mid growth
Millet,Maharashtra,Clay,6.62,116.4,32.28,95.87,0.83,36.86,724.95,27.77,20,Urea,104.03,Pre-harvest
Sugarcane,Tamil Nadu,Peaty,6.86,139.11,59.5,146.88,1.6,32.37,1480.23,29.11,20,Compost,102.02,Pre-harvest
Potato,Maharashtra,Silty,6.76,146.15,49.55,136.39,1.42,28.22,877.77,18.43,17,Mixed,180.73,Pre-harvest
Rice,Andhra Pradesh,Peaty,6.23,176.15,41.91,116.09,1.36,31.69,1150.83,26.86,19,Mixed,91.09,Mid growth
Tomato,Gujarat,Peaty,7.29,141.78,42.77,144.92,1.44,36.64,773.96,19.58,4,Urea,118.5,Pre-harvest
Millet,Maharashtra,Peaty,6.32,138.31,43.0,122.05,1.24,35.33,472.04,26.73,9,Compost,136.14,Before sowing
Wheat,Gujarat,Loamy,5.97,123.01,32.83,112.47,1.46,35.88,782.12,23.37,16,Compost,131.19,After sowing
Groundnut,Karnataka,Sandy,5.83,115.28,47.35,141.96,1.04,22.9,655.12,30.72,17,Urea,128.25,Pre-harvest
Sugarcane,Maharashtra,Loamy,6.8,173.85,30.85,117.05,1.15,23.25,1032.12,27.39,5,DAP,80.86,Pre-harvest
Millet,Andhra Pradesh,Sandy,6.64,148.54,25.82,83.66,1.31,39.07,677.06,29.73,8,DAP,92.75,Pre-harvest
Tomato,Andhra Pradesh,Peaty,6.56,131.67,56.88,135.73,1.78,37.89,900.3,25.58,13,Compost,119.07,After sowing
Maize,Tamil Nadu,Loamy,6.88,131.33,45.12,127.78,1.48,27.28,730.02,28.44,13,Potash,81.79,Pre-harvest
Maize,Maharashtra,Silty,6.21,141.96,36.86,89.45,1.04,23.36,620.26,29.89,7,Potash,106.52,Before sowing
Rice,Tamil Nadu,Peaty,7.38,147.01,49.86,132.11,1.36,29.5,1257.22,29.22,7,Potash,103.53,After sowing
Soybean,Andhra Pradesh,Sandy,5.92,169.9,42.51,113.4,1.42,33.6,522.26,26.57,5,Urea,165.61,After sowing
Wheat,Tamil Nadu,Peaty,6.71,151.78,31.15,81.49,1.3,24.2,576.16,23.76,7,Potash,110.36,After sowing
Soybean,Karnataka,Clay,6.2,133.65,35.89,149.44,1.31,37.02,848.28,29.21,9,Mixed,144.6,Mid growth
Tomato,Tamil Nadu,Sandy,6.06,175.51,39.41,137.5,1.72,28.44,664.25,18.74,19,Compost,182.68,Pre-harvest
Groundnut,Andhra Pradesh,Clay,6.46,151.22,36.06,123.03,1.3,38.26,857.37,32.36,12,Mixed,90.98,Before sowing
Sugarcane,Gujarat,Sandy,6.76,150.01,59.94,155.86,1.4,23.18,1103.81,34.89,11,DAP,139.21,After sowing
Groundnut,Tamil Nadu,Silty,6.33,152.32,31.73,103.86,1.58,27.14,553.02,29.51,6,Compost,80.19,Mid growth
Cotton,Gujarat,Clay,7.45,156.16,45.79,118.99,1.28,36.68,812.11,31.25,6,Potash,185.29,Before sowing
Potato,Tamil Nadu,Silty,7.07,136.2,46.87,150.55,1.67,23.16,783.54,21.34,19,Compost,115.11,Mid growth
Maize,Gujarat,Peaty,7.19,120.51,34.07,96.97,0.9,25.8,585.12,26.22,5,Potash,84.37,Before sowing
Wheat,Gujarat,Clay,7.4,151.76,36.46,138.93,1.26,31.8,559.92,29.56,20,Mixed,125.39,Pre-harvest
Rice,Tamil Nadu,Sandy,6.81,125.71,33.17,141.44,1.05,32.54,977.8,34.05,5,Compost,184.9,After sowing
Rice,Maharashtra,Peaty,6.03,122.54,51.04,148.96,1.15,26.36,804.85,31.83,8,Mixed,179.77,Mid growth
Millet,Karnataka,Peaty,7.25,159.55,37.04,87.91,1.43,39.48,693.67,29.24,15,Potash,137.28,Mid growth
Tomato,Andhra Pradesh,Peaty,6.32,159.9,54.45,142.66,1.38,29.05,872.01,18.25,18,Compost,195.1,After sowing
Maize,Tamil Nadu,Loamy,6.9,132.91,25.32,107.95,1.13,36.16,615.91,20.59,13,DAP,104.47,Pre-harvest
Maize,Maharashtra,Clay,6.89,147.48,42.46,125.66,0.92,22.94,557.5,26.91,10,DAP,134.09,Mid growth
Groundnut,Karnataka,Silty,6.69,121.3,39.95,137.57,1.54,20.73,627.62,26.8,6,Compost,84.13,After sowing
Wheat,Maharashtra,Loamy,5.91,159.98,47.56,98.36,0.99,30.11,693.35,25.23,14,Potash,125.82,After sowing
Potato,Karnataka,Clay,7.36,137.97,56.22,133.13,1.72,23.55,953.77,26.29,12,Compost,170.25,Mid growth
Groundnut,Karnataka,Silty,6.05,133.6,34.93,123.02,1.16,31.36,746.91,29.89,14,Urea,190.23,After sowing
Tomato,Gujarat,Sandy,6.03,140.87,62.15,128.37,1.28,29.92,890.45,20.31,8,Potash,100.17,Before sowing
Wheat,Karnataka,Peaty,6.27,111.56,31.7,130.13,0.85,37.54,526.94,23.41,20,Urea,196.55,Before sowing
Groundnut,Gujarat,Silty,6.28,167.66,45.03,92.38,1.09,38.02,858.12,28.28,9,Potash,94.62,Pre-harvest
Potato,Karnataka,Clay,6.66,180.68,53.92,150.83,1.45,37.72,624.88,26.5,7,Potash,97.42,Before sowing
Groundnut,Karnataka,Peaty,6.11,168.36,48.53,97.86,1.31,27.05,877.41,31.92,18,Potash,132.25,Pre-harvest
Potato,Andhra Pradesh,Clay,7.5,187.32,56.36,121.71,1.26,36.78,975.71,22.9,16,Mixed,109.24,After sowing
Groundnut,Karnataka,Sandy,6.02,121.25,37.88,143.82,1.03,36.6,567.94,27.63,15,Mixed,174.49,Mid growth
Maize,Gujarat,Loamy,6.79,144.22,36.44,127.34,1.2,39.5,546.89,21.66,18,Potash,197.36,Mid growth
Cotton,Maharashtra,Silty,6.83,160.22,50.42,149.74,1.54,22.84,872.8,27.78,7,Compost,125.77,Pre-harvest
Rice,Maharashtra,Peaty,6.05,137.35,58.42,105.09,1.72,38.32,807.83,32.83,16,Compost,156.88,Mid growth
Potato,Andhra Pradesh,Loamy,6.96,139.71,40.11,150.92,1.53,23.23,670.67,21.58,12,Compost,149.49,Pre-harvest
Maize,Karnataka,Loamy,6.6,142.46,47.89,87.23,1.48,29.61,752.89,28.01,15,Potash,172.38,Before sowing
Tomato,Andhra Pradesh,Clay,7.26,130.18,39.81,118.28,1.72,37.03,744.8,27.02,20,Compost,115.34,Mid growth
Millet,Tamil Nadu,Clay,6.49,105.8,36.53,109.23,1.38,20.23,440.39,25.28,12,Urea,158.46,Before sowing
Millet,Maharashtra,Loamy,7.05,143.81,44.66,98.79,1.37,21.62,508.96,24.13,4,Potash,85.47,After sowing
Soybean,Maharashtra,Silty,6.24,124.44,36.57,147.11,1.34,30.75,863.07,28.17,20,Compost,89.35,Mid growth
Rice,Tamil Nadu,Loamy,6.99,157.14,36.7,117.91,1.55,29.11,1022.33,32.02,13,Compost,178.14,Mid growth
Wheat,Karnataka,Loamy,6.09,157.45,36.99,118.67,1.47,39.31,654.0,28.1,17,DAP,91.87,After sowing
Cotton,Tamil Nadu,Silty,7.25,153.0,54.5,99.83,1.37,31.07,804.11,27.24,17,Potash,99.11,Before sowing
Soybean,Maharashtra,Peaty,6.87,164.17,48.66,100.94,1.3,22.97,517.96,28.17,18,Compost,197.9,Mid growth
Sugarcane,Tamil Nadu,Clay,5.96,169.52,56.91,147.07,1.32,26.44,1124.93,28.22,11,Potash,187.75,Before sowing
Cotton,Maharashtra,Loamy,5.97,121.57,30.09,113.75,1.2,39.88,844.47,28.62,19,Urea,148.54,Before sowing
Maize,Andhra Pradesh,Clay,7.14,135.66,40.08,91.48,1.15,23.46,558.16,25.03,8,Potash,116.41,After sowing
Rice,Gujarat,Loamy,7.48,138.66,38.39,113.66,1.65,35.52,1370.45,32.1,4,Compost,101.29,Mid growth
Groundnut,Tamil Nadu,Peaty,7.16,165.58,41.64,128.93,1.26,37.98,770.19,27.44,14,Compost,194.63,Before sowing
Millet,Maharashtra,Sandy,6.84,121.49,26.97,129.31,1.41,24.44,769.72,24.98,11,DAP,141.9,After sowing
Groundnut,Karnataka,Silty,7.41,131.28,43.31,114.24,1.05,22.43,831.58,30.88,18,Urea,180.47,Mid growth
Maize,Gujarat,Peaty,6.01,107.92,41.82,126.98,0.92,23.66,582.97,26.9,11,Urea,189.96,Before sowing
Millet,Maharashtra,Loamy,6.65,122.1,49.95,84.19,0.8,37.83,778.11,29.33,18,Potash,115.93,After sowing
Maize,Andhra Pradesh,Loamy,7.06,106.02,40.3,94.22,1.08,36.46,762.46,20.48,16,Urea,115.73,Pre-harvest
Soybean,Maharashtra,Loamy,7.39,122.4,30.1,147.26,1.23,38.48,614.38,24.14,19,Potash,138.92,Pre-harvest
Rice,Tamil Nadu,Peaty,7.17,161.9,34.5,110.33,1.35,38.45,1180.19,29.63,20,Mixed,114.51,After sowing
Potato,Karnataka,Sandy,7.18,167.59,53.15,138.66,1.44,29.61,608.15,20.34,12,DAP,176.84,Before sowing
Wheat,Karnataka,Clay,7.19,150.17,33.22,89.49,1.19,21.5,558.57,25.46,19,Potash,145.43,Mid growth
Potato,Tamil Nadu,Clay,7.1,138.85,55.14,143.26,1.68,27.68,884.12,22.7,7,Compost,191.1,Mid growth
Cotton,Karnataka,Clay,5.95,142.71,40.4,137.87,1.21,20.52,582.78,30.25,16,Compost,110.87,Pre-harvest
Maize,Tamil Nadu,Sandy,7.42,159.35,48.6,113.04,1.21,29.37,406.21,20.42,12,Compost,153.26,Pre-harvest
Potato,Maharashtra,Clay,5.84,155.35,38.52,134.61,1.73,34.03,888.18,27.97,5,Compost,88.18,Mid growth
Sugarcane,Maharashtra,Sandy,7.28,160.38,35.86,140.1,1.78,26.05,1464.11,28.63,9,Compost,86.74,Pre-harvest
Sugarcane,Andhra Pradesh,Silty,6.83,177.37,34.24,116.6,1.39,31.92,1213.27,27.6,14,Urea,96.39,Pre-harvest
Groundnut,Maharashtra,Peaty,6.66,138.87,40.22,109.35,1.15,36.22,814.61,25.53,20,Urea,116.86,Before sowing
Sugarcane,Gujarat,Clay,6.81,121.52,35.69,135.11,1.04,23.4,1358.21,26.4,6,Urea,172.68,After sowing
Maize,Gujarat,Loamy,6.81,147.98,37.81,133.58,1.12,38.62,543.43,24.17,7,Potash,199.45,Mid growth
Millet,Tamil Nadu,Sandy,6.34,151.36,37.38,117.07,0.86,22.81,643.25,22.44,8,Mixed,107.64,Before sowing
Soybean,Karnataka,Peaty,6.76,155.6,33.68,110.59,1.41,27.56,521.32,32.33,18,Mixed,88.19,After sowing
Potato,Andhra Pradesh,Clay,6.28,174.01,63.61,145.95,1.31,27.94,852.23,24.4,20,Potash,192.22,Before sowing
Tomato,Andhra Pradesh,Silty,6.46,134.11,53.14,115.79,1.75,23.86,768.99,19.77,14,Compost,159.08,Mid growth
Wheat,Maharashtra,Loamy,6.58,115.45,31.19,95.77,1.3,28.5,541.11,29.16,13,Urea,120.66,After sowing
Tomato,Andhra Pradesh,Loamy,6.51,187.39,45.0,130.29,1.8,24.86,752.07,27.2,8,Compost,180.09,Before sowing
Wheat,Maharashtra,Sandy,6.64,154.21,49.93,87.03,0.89,29.98,691.21,20.32,7,Potash,147.85,Mid growth
Rice,Andhra Pradesh,Clay,5.98,122.08,57.65,141.19,1.24,37.48,896.9,28.61,4,Compost,166.38,Before sowing
Groundnut,Gujarat,Peaty,6.43,149.49,49.2,97.99,1.29,25.02,574.28,28.3,15,Potash,149.58,Before sowing
Groundnut,Andhra Pradesh,Silty,7.13,118.03,48.45,113.01,1.57,33.59,559.39,28.65,18,Urea,155.0,Pre-harvest
Wheat,Gujarat,Peaty,6.62,156.96,44.34,80.31,0.91,33.07,640.72,29.19,7,Potash,155.14,Mid growth
Tomato,Tamil Nadu,Clay,7.39,178.88,53.67,133.26,1.63,26.68,814.32,18.69,15,Compost,125.05,Mid growth
Cotton,Tamil Nadu,Sandy,6.95,155.57,40.27,99.09,1.49,20.43,640.45,31.3,5,Potash,158.76,Pre-harvest
Soybean,Gujarat,Peaty,6.65,153.96,53.27,111.68,1.04,39.12,648.32,26.96,17,Potash,165.73,Pre-harvest
Cotton,Tamil Nadu,Silty,7.49,151.46,52.49,103.1,1.22,22.96,747.48,31.21,13,Potash,108.0,Before sowing
Rice,Tamil Nadu,Peaty,6.94,169.19,34.86,151.76,1.44,34.58,830.44,33.77,6,Urea,173.76,Mid growth
Sugarcane,Andhra Pradesh,Sandy,6.19,149.02,32.75,145.69,1.24,37.57,1236.56,30.45,6,Potash,186.17,Before sowing
Groundnut,Andhra Pradesh,Peaty,6.12,119.56,40.53,101.89,1.53,22.49,837.75,32.13,6,Urea,125.5,After sowing
Rice,Gujarat,Sandy,6.52,130.54,33.84,157.21,1.26,33.13,1435.94,25.33,5,Potash,179.57,Mid growth
Soybean,Tamil Nadu,Loamy,6.94,110.45,38.25,134.11,1.01,25.53,752.79,26.31,14,Urea,149.79,Mid growth
Maize,Maharashtra,Clay,6.12,127.68,29.04,124.75,1.32,36.34,446.26,26.68,4,DAP,106.34,Pre-harvest
Tomato,Karnataka,Peaty,6.84,180.75,39.46,125.03,1.61,20.46,787.54,20.01,17,Compost,180.52,Before sowing
Potato,Tamil Nadu,Sandy,6.33,140.89,57.5,126.78,1.41,28.1,626.57,26.01,9,DAP,105.57,Before sowing
Wheat,Karnataka,Silty,6.79,115.42,46.69,139.26,1.16,35.44,580.8,27.28,5,Urea,171.16,After sowing
Tomato,Maharashtra,Peaty,5.94,165.49,60.01,139.53,1.66,34.56,773.16,20.35,5,Compost,154.3,Before sowing
Potato,Karnataka,Clay,6.37,177.11,56.34,141.28,1.59,30.02,846.5,20.92,12,Compost,142.08,Before sowing
Groundnut,Tamil Nadu,Sandy,7.25,136.07,40.28,105.55,1.07,26.12,847.95,28.26,17,Potash,90.45,Pre-harvest
Millet,Andhra Pradesh,Sandy,5.82,126.99,28.02,98.28,1.47,33.77,680.81,29.45,14,DAP,161.96,After sowing
Potato,Tamil Nadu,Loamy,7.41,188.83,38.54,155.02,1.52,22.25,992.19,18.26,10,Compost,100.57,Pre-harvest
Sugarcane,Tamil Nadu,Loamy,6.44,171.39,40.66,146.0,1.32,33.14,1405.36,33.03,9,Mixed,101.35,Before sowing
Wheat,Andhra Pradesh,Silty,6.14,113.53,49.43,103.68,1.04,29.79,722.39,25.29,15,Urea,135.65,Pre-harvest
Potato,Karnataka,Silty,7.23,179.41,60.74,156.23,1.22,29.39,994.63,23.83,7,Urea,128.3,Pre-harvest
Sugarcane,Tamil Nadu,Clay,6.96,144.16,35.65,143.75,1.76,22.29,1372.19,30.5,4,Compost,190.8,Mid growth
Tomato,Maharashtra,Silty,6.68,177.0,55.46,123.3,1.53,23.51,666.79,25.27,16,Compost,126.02,Mid growth
Rice,Maharashtra,Sandy,7.44,146.42,44.6,111.7,1.24,39.75,804.86,32.44,20,Potash,80.85,Mid growth
Sugarcane,Andhra Pradesh,Loamy,6.26,120.07,33.12,112.92,1.66,20.9,1154.14,32.66,15,Compost,91.73,Mid growth
Groundnut,Karnataka,Sandy,7.46,115.94,44.17,146.54,1.1,34.44,726.95,32.79,7,Urea,98.42,Pre-harvest
Cotton,Tamil Nadu,Loamy,6.37,168.32,47.37,97.78,1.28,30.2,809.77,24.92,7,Potash,184.75,Before sowing
Maize,Gujarat,Peaty,7.08,118.98,43.38,84.78,1.45,38.03,756.08,21.17,13,Urea,134.74,Before sowing
Rice,Maharashtra,Loamy,6.88,139.8,49.59,144.47,1.63,23.2,942.94,28.78,20,Compost,140.52,Before sowing
Potato,Andhra Pradesh,Loamy,6.36,188.95,46.77,151.57,1.62,23.7,853.06,24.94,6,Compost,91.02,Pre-harvest
Groundnut,Tamil Nadu,Peaty,6.15,135.54,37.05,147.54,1.31,34.89,811.38,27.6,7,Urea,87.31,Before sowing
Cotton,Andhra Pradesh,Loamy,6.66,150.38,37.54,138.29,1.2,20.42,542.84,25.49,19,Mixed,141.45,Pre-harvest
Wheat,Tamil Nadu,Clay,7.03,123.67,35.12,100.75,1.26,26.49,479.24,23.49,7,Compost,180.14,Mid growth
Cotton,Andhra Pradesh,Clay,5.87,165.54,43.57,139.29,1.45,35.95,762.24,28.49,5,Urea,93.59,After sowing
Cotton,Maharashtra,Clay,5.87,150.49,41.97,93.1,1.39,31.36,706.49,30.85,8,Potash,148.8,Before sowing
Groundnut,Tamil Nadu,Peaty,7.25,155.44,43.02,149.46,1.27,22.09,631.87,29.54,20,Urea,180.78,Pre-harvest
Cotton,Karnataka,Clay,5.8,119.66,36.97,106.31,1.3,20.59,792.4,29.12,15,Urea,81.79,Pre-harvest
Millet,Maharashtra,Loamy,5.86,103.96,34.7,119.86,1.3,29.23,552.4,27.91,5,Urea,87.75,After sowing
Tomato,Gujarat,Silty,7.47,178.36,60.86,156.31,1.6,38.96,719.17,24.55,11,Compost,180.77,Before sowing
Soybean,Tamil Nadu,Clay,7.16,115.01,50.32,93.97,1.09,35.88,745.51,28.12,19,Urea,132.83,Before sowing
Soybean,Andhra Pradesh,Sandy,6.63,152.35,33.2,108.42,1.27,28.55,681.1,26.0,11,DAP,104.36,Before sowing
Sugarcane,Gujarat,Sandy,6.03,134.66,55.2,157.25,1.38,38.44,840.91,28.65,20,DAP,186.93,Pre-harvest
Wheat,Gujarat,Loamy,7.12,128.11,32.52,102.31,1.24,20.25,588.88,29.3,15,Compost,188.43,After sowing
Potato,Andhra Pradesh,Peaty,6.25,163.63,35.5,125.94,1.63,21.89,675.48,27.46,4,Compost,195.06,Before sowing
Tomato,Karnataka,Loamy,6.86,154.25,35.98,139.48,1.48,24.87,970.03,26.48,13,DAP,165.79,After sowing
Rice,Tamil Nadu,Sandy,6.24,151.31,37.21,139.27,1.42,30.69,813.29,25.08,5,Urea,175.5,Pre-harvest
Millet,Tamil Nadu,Loamy,7.02,140.19,31.98,127.75,1.05,23.85,507.93,20.79,19,Compost,176.11,Before sowing
Cotton,Karnataka,Clay,7.36,160.11,50.79,139.99,1.32,28.55,609.78,27.03,5,Urea,95.04,Before sowing
Tomato,Andhra Pradesh,Sandy,7.31,150.47,60.59,145.68,1.74,23.39,926.32,27.68,19,Compost,199.28,After sowing
Wheat,Gujarat,Loamy,7.4,118.83,29.25,109.64,1.11,22.79,656.24,28.53,7,Urea,136.06,Pre-harvest
Potato,Gujarat,Sandy,6.5,176.27,56.62,114.13,1.57,37.29,742.47,20.76,9,Compost,124.5,Mid growth
Groundnut,Gujarat,Clay,6.79,158.76,49.98,149.31,1.33,28.48,785.05,32.03,4,DAP,178.13,Before sowing
Soybean,Tamil Nadu,Loamy,7.25,126.81,49.61,91.96,1.28,36.22,765.85,30.51,10,Potash,138.79,Pre-harvest
Sugarcane,Gujarat,Loamy,7.3,145.11,54.19,154.45,1.71,38.9,1238.27,34.51,5,Compost,189.76,After sowing
Cotton,Gujarat,Clay,6.49,121.66,30.92,100.89,1.04,39.58,808.74,24.8,7,Compost,83.24,Before sowing
Maize,Andhra Pradesh,Sandy,6.87,151.35,40.2,132.12,1.44,23.88,789.35,24.08,4,Compost,100.8,Mid growth
Millet,Karnataka,Silty,6.77,120.93,40.25,89.82,1.12,24.78,788.76,20.78,19,Potash,170.97,Pre-harvest
Cotton,Gujarat,Peaty,5.96,154.75,48.42,132.09,1.03,30.89,892.73,31.23,12,Compost,133.09,After sowing
Millet,Karnataka,Clay,6.12,154.59,47.34,100.79,0.89,26.25,711.56,27.46,13,Potash,87.84,Pre-harvest
Wheat,Maharashtra,Silty,6.51,123.59,27.25,136.12,1.38,26.32,648.52,27.73,12,DAP,198.29,Mid growth
Millet,Andhra Pradesh,Silty,6.23,151.22,35.54,129.21,1.25,26.52,531.85,24.48,15,Potash,133.47,Mid growth
Soybean,Gujarat,Sandy,7.4,120.77,38.55,149.52,1.59,20.58,634.37,24.16,7,Compost,82.6,After sowing
Millet,Tamil Nadu,Sandy,6.13,108.3,34.83,93.68,1.08,38.9,598.27,29.41,16,Urea,191.61,Before sowing
Sugarcane,Andhra Pradesh,Sandy,6.11,135.82,40.13,100.49,1.29,26.68,905.74,33.69,9,Mixed,88.07,Mid growth
Soybean,Tamil Nadu,Clay,6.59,156.18,46.1,138.98,1.12,34.26,625.28,26.41,17,Compost,162.71,Before sowing
Cotton,Maharashtra,Silty,6.17,160.5,49.45,143.47,1.08,21.23,812.32,31.2,17,Mixed,111.11,Before sowing
Maize,Tamil Nadu,Clay,6.24,113.96,25.87,92.69,1.45,20.09,786.88,25.03,9,Urea,110.39,Mid growth
Sugarcane,Maharashtra,Peaty,6.86,158.38,52.44,122.93,1.62,21.63,1466.21,33.49,19,Compost,81.98,Before sowing
Potato,Maharashtra,Silty,6.82,138.2,49.02,132.28,1.8,29.31,695.39,21.88,17,Compost,174.99,Before sowing
Cotton,Maharashtra,Loamy,7.14,128.57,50.54,102.3,1.25,33.69,886.49,30.08,17,DAP,102.86,After sowing
Rice,Tamil Nadu,Clay,7.02,168.69,32.86,138.13,1.78,21.83,1205.58,33.78,9,Compost,163.26,After sowing
Sugarcane,Gujarat,Silty,7.43,138.86,38.56,103.55,1.43,33.86,814.28,32.52,6,Urea,90.54,Pre-harvest
Groundnut,Maharashtra,Clay,6.89,122.93,49.39,129.05,1.42,26.86,701.8,27.46,6,Mixed,152.94,Mid growth
Cotton,Maharashtra,Loamy,7.0,134.34,43.44,138.78,1.24,34.09,871.74,25.77,12,Potash,161.79,Before sowing
Potato,Gujarat,Silty,6.77,165.87,53.39,132.12,1.46,35.78,753.38,26.44,20,Compost,145.56,After sowing
Cotton,Karnataka,Clay,7.45,141.57,49.24,113.37,1.19,37.44,621.65,27.75,11,Potash,121.21,After sowing
Soybean,Maharashtra,Peaty,6.24,164.38,34.9,119.62,1.21,39.58,593.92,26.36,7,Mixed,145.68,Pre-harvest
Maize,Karnataka,Sandy,6.7,131.59,25.57,130.47,1.13,26.99,685.3,27.45,4,DAP,189.72,Before sowing
Potato,Andhra Pradesh,Peaty,6.34,152.31,64.51,125.88,1.49,23.36,761.92,21.71,7,DAP,141.7,After sowing
Sugarcane,Gujarat,Loamy,6.7,138.82,38.35,137.76,1.77,23.92,1176.12,28.79,5,Compost,151.54,Mid growth
Maize,Karnataka,Silty,7.26,104.91,41.52,91.89,1.2,34.0,607.36,24.11,8,Urea,176.85,Pre-harvest
Millet,Gujarat,Loamy,7.18,153.0,34.69,122.92,1.4,32.4,619.52,26.03,18,Potash,119.12,Before sowing
Wheat,Maharashtra,Clay,6.7,155.82,25.26,109.83,1.24,35.5,752.07,26.14,11,DAP,190.31,Pre-harvest
Groundnut,Maharashtra,Loamy,7.25,144.14,34.29,131.16,1.55,21.27,577.97,31.93,6,Compost,165.54,Pre-harvest
Rice,Karnataka,Silty,6.85,148.12,30.47,147.5,1.5,20.51,1138.96,25.95,14,Compost,193.74,After sowing
Tomato,Karnataka,Peaty,7.15,160.14,38.27,157.42,1.54,20.62,622.95,27.98,13,Compost,158.05,Pre-harvest
Maize,Karnataka,Clay,6.42,113.18,33.57,90.12,1.38,31.11,492.14,23.09,11,Urea,160.19,Before sowing
Millet,Gujarat,Peaty,6.45,159.02,35.47,106.67,1.07,38.27,790.29,24.14,12,Potash,84.02,Mid growth
Groundnut,Gujarat,Clay,7.48,161.85,54.88,144.31,1.01,28.63,813.79,30.08,10,Compost,180.92,Before sowing
Cotton,Karnataka,Peaty,7.44,143.4,54.02,90.71,1.29,32.03,506.08,28.82,9,Potash,194.05,Before sowing
Maize,Tamil Nadu,Peaty,6.61,159.14,28.27,119.55,1.39,22.38,476.0,28.65,15,DAP,186.37,Pre-harvest
Cotton,Andhra Pradesh,Loamy,6.8,135.34,37.49,119.66,1.57,37.81,693.31,31.37,17,Compost,162.62,After sowing
Tomato,Andhra Pradesh,Sandy,5.83,142.2,35.03,114.85,1.77,30.88,764.07,25.63,20,Compost,115.94,Before sowing
Wheat,Karnataka,Clay,6.05,117.0,36.6,99.29,1.37,27.37,649.29,27.2,15,Urea,199.07,After sowing
Wheat,Tamil Nadu,Sandy,7.13,133.29,35.55,86.38,1.25,35.1,642.5,23.02,16,Potash,176.84,After sowing
Sugarcane,Andhra Pradesh,Sandy,7.47,160.56,55.89,124.3,1.08,23.42,815.94,32.24,10,Potash,90.83,Pre-harvest
Rice,Gujarat,Silty,6.82,163.71,39.75,101.87,1.71,26.57,1087.82,30.48,11,Compost,149.55,Mid growth
Wheat,Gujarat,Peaty,5.87,140.02,29.08,111.35,1.12,36.72,410.54,20.29,10,DAP,129.33,Before sowing
Sugarcane,Tamil Nadu,Loamy,6.11,168.27,37.83,111.43,1.7,28.61,1144.51,34.14,12,Compost,149.58,Pre-harvest
Tomato,Tamil Nadu,Loamy,7.48,179.29,47.36,138.33,1.62,37.95,821.35,23.12,17,Compost,191.93,Before sowing
Millet,Karnataka,Loamy,7.4,116.03,26.12,98.53,1.3,24.48,768.75,28.61,19,Urea,181.67,Before sowing
Rice,Maharashtra,Loamy,7.37,131.11,50.21,135.08,1.57,29.38,1358.13,26.2,19,Compost,85.11,Mid growth
Maize,Karnataka,Peaty,5.95,117.18,39.58,103.84,0.82,36.67,786.63,27.41,6,Urea,103.49,Pre-harvest
Potato,Maharashtra,Peaty,6.05,180.97,41.59,125.41,1.69,24.38,885.44,20.17,18,Compost,123.55,Mid growth
Potato,Andhra Pradesh,Sandy,7.01,157.38,55.21,113.28,1.26,31.57,919.66,24.82,6,Mixed,193.52,Before sowing
Cotton,Tamil Nadu,Peaty,6.11,112.78,53.3,143.56,1.2,38.45,825.49,29.95,7,Urea,153.91,Mid growth
Cotton,Karnataka,Peaty,7.23,124.22,33.86,90.44,1.23,30.55,753.5,33.0,5,Potash,197.52,Before sowing
Soybean,Tamil Nadu,Sandy,7.07,157.59,49.89,136.89,1.26,20.99,529.11,30.28,7,Urea,99.9,Before sowing
Potato,Karnataka,Loamy,6.05,157.81,45.33,128.45,1.47,28.04,882.31,26.78,19,Mixed,172.85,Pre-harvest
Rice,Andhra Pradesh,Clay,6.66,125.52,37.29,107.4,1.39,39.56,828.93,31.98,15,Potash,80.74,Before sowing
Soybean,Karnataka,Peaty,7.21,147.79,45.11,139.86,1.27,32.21,872.86,27.98,6,Compost,158.43,After sowing
Wheat,Maharashtra,Sandy,6.82,115.96,34.12,82.85,1.13,39.81,707.66,24.78,14,Urea,190.89,Pre-harvest
Cotton,Karnataka,Sandy,7.09,160.86,49.87,109.77,1.08,23.91,773.82,31.71,18,Mixed,193.75,Before sowing
Rice,Maharashtra,Silty,7.23,151.48,31.82,140.7,1.62,29.43,1243.95,29.97,18,Compost,152.35,Mid growth
Soybean,Andhra Pradesh,Clay,6.05,166.21,44.46,134.68,1.4,26.41,795.69,32.75,5,Urea,87.42,Before sowing
Millet,Gujarat,Loamy,6.91,127.87,40.85,100.8,1.46,34.84,761.18,26.43,12,Mixed,89.21,After sowing
Sugarcane,Maharashtra,Silty,6.97,137.98,41.97,133.22,1.68,22.26,1250.71,25.57,7,Compost,106.67,After sowing
Maize,Andhra Pradesh,Peaty,5.9,139.94,27.81,100.91,1.34,24.61,738.32,23.07,20,DAP,158.03,After sowing
Soybean,Gujarat,Silty,7.33,166.21,35.54,142.9,1.12,28.29,838.16,32.15,4,DAP,114.36,Before sowing
Groundnut,Karnataka,Clay,5.9,140.0,33.97,147.21,1.31,24.11,604.55,32.66,16,DAP,157.97,After sowing
Wheat,Tamil Nadu,Peaty,6.78,156.54,33.5,111.25,1.07,39.19,657.39,20.64,15,Mixed,197.99,Pre-harvest
Soybean,Karnataka,Silty,5.93,143.9,40.65,146.87,1.29,30.66,806.46,29.71,15,DAP,135.53,After sowing
Soybean,Maharashtra,Clay,6.36,137.1,50.56,139.13,1.52,24.79,787.76,32.73,10,Compost,198.31,After sowing
Tomato,Gujarat,Silty,6.95,169.36,44.72,147.57,1.65,27.7,654.37,25.64,17,Compost,80.13,Before sowing
Tomato,Karnataka,Loamy,6.7,144.38,45.36,145.48,1.27,35.26,907.06,26.95,15,Potash,137.88,Before sowing
Tomato,Maharashtra,Silty,6.52,181.25,60.05,143.39,1.73,32.43,630.64,27.97,16,Compost,104.78,Mid growth
Millet,Maharashtra,Silty,6.65,155.21,31.67,94.49,1.01,39.23,572.78,21.37,5,Potash,108.19,Pre-harvest
Cotton,Tamil Nadu,Clay,7.3,129.39,30.6,95.5,1.43,33.91,711.12,29.68,11,Potash,164.15,Before sowing
Maize,Karnataka,Sandy,7.15,150.58,37.05,90.14,1.46,25.81,620.1,21.59,10,Potash,134.41,Pre-harvest
Wheat,Maharashtra,Silty,6.74,133.85,40.8,136.62,0.89,29.31,607.12,27.6,9,Urea,174.5,After sowing
Millet,Andhra Pradesh,Peaty,7.26,150.58,25.07,109.44,1.04,24.67,456.16,21.42,7,DAP,108.7,Before sowing
Tomato,Andhra Pradesh,Clay,6.73,169.08,58.46,132.1,1.33,22.65,718.25,26.05,15,Urea,179.35,Before sowing
Tomato,Andhra Pradesh,Silty,5.87,168.23,61.35,139.14,1.51,32.37,782.89,25.66,5,Compost,167.51,After sowing
Sugarcane,Andhra Pradesh,Sandy,6.06,128.74,36.91,100.71,1.15,32.26,1115.49,33.08,4,Potash,154.92,After sowing
Rice,Andhra Pradesh,Silty,6.36,154.03,48.7,140.05,1.16,32.5,1323.48,29.48,16,Potash,91.89,After sowing
Cotton,Maharashtra,Sandy,6.83,135.19,47.3,103.96,1.52,37.76,747.43,25.29,14,Compost,146.28,Before sowing
Rice,Karnataka,Loamy,6.61,175.32,44.78,156.06,1.45,35.29,1168.44,34.22,7,Compost,163.22,Pre-harvest
Wheat,Gujarat,Sandy,6.08,128.28,37.03,106.0,1.12,34.47,585.58,21.99,20,Urea,111.78,Before sowing
Millet,Tamil Nadu,Sandy,5.92,147.6,43.73,99.98,0.84,30.2,402.29,23.94,19,Potash,115.93,Before sowing
Rice,Tamil Nadu,Clay,5.85,131.35,34.28,111.43,1.05,39.97,1059.55,25.79,8,Potash,179.92,After sowing
Groundnut,Maharashtra,Clay,7.35,136.0,30.1,123.16,1.09,36.73,681.31,28.92,16,DAP,85.71,Before sowing
Wheat,Gujarat,Sandy,5.94,123.69,41.27,106.11,1.05,35.41,445.19,29.51,17,Potash,156.31,Pre-harvest
Groundnut,Maharashtra,Clay,7.4,123.67,54.48,123.78,1.17,29.81,549.59,31.42,6,DAP,88.71,Mid growth
Wheat,Gujarat,Peaty,6.14,132.49,37.61,101.41,1.4,29.88,730.43,24.35,20,Urea,138.15,After sowing
Millet,Gujarat,Loamy,6.09,151.17,26.01,139.26,1.46,33.24,678.43,29.77,18,DAP,99.82,Before sowing
Sugarcane,Gujarat,Loamy,7.09,122.67,48.51,144.86,1.73,28.12,1278.21,33.29,18,Compost,171.73,Mid growth
Cotton,Karnataka,Peaty,5.93,167.19,49.44,138.27,1.45,26.71,744.8,26.48,5,Mixed,143.95,Mid growth
Rice,Tamil Nadu,Sandy,6.03,179.61,42.25,117.84,1.68,23.2,1170.77,27.59,11,Compost,140.86,Before sowing
Tomato,Andhra Pradesh,Clay,6.49,154.18,62.06,141.94,1.35,22.49,601.67,19.63,20,Compost,136.57,Before sowing
Tomato,Gujarat,Sandy,7.49,165.65,56.87,122.82,1.22,38.98,983.98,20.76,10,Compost,158.91,Mid growth
Rice,Maharashtra,Clay,7.42,173.28,36.7,107.23,1.74,38.25,1348.81,34.51,14,Compost,168.08,After sowing
Maize,Tamil Nadu,Sandy,7.07,145.61,48.39,135.68,1.37,20.21,705.35,25.81,20,Compost,153.85,After sowing
Maize,Andhra Pradesh,Loamy,6.33,113.29,43.13,123.63,1.38,24.72,628.27,25.6,12,Urea,86.0,Pre-harvest
Sugarcane,Andhra Pradesh,Silty,5.91,123.2,44.06,159.78,1.11,23.43,1194.03,29.05,14,DAP,174.14,Pre-harvest
Soybean,Andhra Pradesh,Peaty,7.1,134.0,54.2,142.62,1.56,21.83,684.38,26.35,17,Compost,150.75,After sowing
Maize,Andhra Pradesh,Silty,7.48,106.99,27.56,132.47,1.29,27.94,592.6,25.6,10,Urea,85.57,Pre-harvest
Tomato,Andhra Pradesh,Sandy,5.94,150.04,49.12,143.26,1.4,24.01,794.3,27.69,5,Compost,157.3,Before sowing
Sugarcane,Andhra Pradesh,Silty,7.35,178.58,56.43,142.5,1.8,27.51,1165.8,25.34,4,Compost,94.45,After sowing
Maize,Andhra Pradesh,Sandy,7.29,156.37,34.03,132.26,1.27,37.14,550.58,21.07,16,Mixed,195.49,After sowing
Groundnut,Karnataka,Loamy,6.18,166.17,37.8,121.94,1.11,27.46,806.69,29.97,13,DAP,146.79,Before sowing
Tomato,Maharashtra,Loamy,6.59,156.89,58.08,144.54,1.41,37.74,630.5,20.93,5,Compost,95.05,Pre-harvest
Tomato,Karnataka,Loamy,7.04,173.91,44.32,152.59,1.79,29.83,796.68,19.33,17,Compost,162.19,Before sowing
Soybean,Karnataka,Loamy,6.78,159.76,46.24,109.33,1.22,34.69,814.05,25.86,10,Potash,136.18,Before sowing
Sugarcane,Maharashtra,Clay,6.14,130.15,54.98,117.07,1.16,24.21,866.69,28.4,12,DAP,147.86,Before sowing
Potato,Maharashtra,Peaty,6.79,156.11,58.99,143.28,1.63,38.75,946.49,23.5,16,Compost,139.79,Pre-harvest
Wheat,Andhra Pradesh,Silty,5.99,157.64,25.81,91.65,0.85,35.05,429.19,24.75,18,DAP,136.68,After sowing
Millet,Andhra Pradesh,Loamy,6.82,132.93,29.14,105.46,1.44,36.48,781.2,29.31,14,DAP,164.53,After sowing
Cotton,Maharashtra,Clay,6.2,123.61,32.97,143.8,1.29,34.28,535.4,31.37,6,Mixed,106.55,Mid growth
Wheat,Gujarat,Peaty,6.05,133.89,30.43,86.27,1.02,37.51,684.78,27.6,20,Potash,109.88,Before sowing
Sugarcane,Gujarat,Clay,7.5,128.32,47.94,143.82,1.04,37.29,821.36,33.61,13,Compost,86.21,After sowing
Millet,Andhra Pradesh,Loamy,6.18,123.52,49.13,107.85,1.46,35.26,500.92,25.07,4,DAP,190.71,Before sowing
Sugarcane,Maharashtra,Silty,6.15,143.01,36.81,112.22,1.09,26.21,828.68,25.97,19,Urea,123.1,Pre-harvest
Wheat,Maharashtra,Clay,7.45,105.68,35.39,90.8,1.05,35.72,775.21,29.63,9,Urea,153.79,Mid growth
Wheat,Karnataka,Peaty,6.88,158.09,39.62,80.89,0.95,27.86,527.7,26.54,7,Potash,113.14,Mid growth
Rice,Tamil Nadu,Peaty,6.88,154.47,57.33,155.31,1.33,21.39,1484.61,30.83,7,Mixed,98.59,Pre-harvest
Potato,Gujarat,Loamy,6.87,175.49,59.65,145.84,1.73,25.58,748.39,18.02,10,Compost,176.59,After sowing
Soybean,Gujarat,Loamy,6.15,132.98,48.28,102.42,1.16,37.68,697.9,30.03,5,Urea,87.81,Pre-harvest
Tomato,Gujarat,Sandy,6.98,164.16,42.82,111.83,1.29,27.96,833.27,21.28,17,Compost,172.62,Before sowing
Potato,Tamil Nadu,Loamy,6.58,156.29,35.53,110.23,1.37,29.93,812.96,24.47,6,Potash,129.59,Mid growth
Rice,Tamil Nadu,Loamy,7.25,147.89,35.51,111.17,1.16,37.18,1312.81,34.4,15,Compost,116.97,After sowing
Millet,Maharashtra,Clay,6.73,113.31,40.96,124.56,1.02,30.51,540.86,24.67,11,Urea,81.48,Pre-harvest
Maize,Andhra Pradesh,Silty,6.74,148.14,32.68,101.9,1.26,31.76,696.91,22.79,14,Urea,125.51,Pre-harvest
Maize,Andhra Pradesh,Sandy,6.64,130.78,36.16,85.91,1.28,27.54,565.54,25.54,4,Potash,193.2,Mid growth
Maize,Maharashtra,Sandy,6.78,105.13,35.97,98.55,1.37,36.67,641.84,23.47,13,Urea,139.26,Before sowing
Wheat,Gujarat,Peaty,6.09,134.86,30.46,90.86,1.3,25.98,736.9,22.88,10,Potash,153.66,Pre-harvest
Millet,Tamil Nadu,Loamy,6.81,131.91,48.65,128.47,0.81,34.77,516.08,28.87,15,Urea,120.08,Pre-harvest
Potato,Karnataka,Sandy,7.11,169.58,52.14,157.72,1.29,37.02,976.73,20.46,4,Compost,99.8,Pre-harvest
Potato,Tamil Nadu,Clay,6.46,164.64,49.72,149.48,1.22,34.2,987.59,21.55,18,Mixed,192.07,After sowing
Potato,Gujarat,Sandy,6.41,182.76,63.59,112.93,1.58,35.88,786.72,20.66,10,Compost,191.17,Before sowing
Groundnut,Andhra Pradesh,Loamy,5.85,122.52,44.39,98.06,1.22,29.89,787.78,28.12,19,Potash,171.32,Before sowing
Millet,Karnataka,Peaty,6.67,107.14,44.23,92.44,1.18,30.13,541.85,23.13,11,Urea,106.84,After sowing
Millet,Gujarat,Clay,6.41,115.12,38.32,108.5,0.94,21.22,524.94,28.62,8,Urea,177.34,Mid growth
Soybean,Maharashtra,Loamy,7.3,145.9,52.35,143.12,1.09,25.05,670.44,26.25,4,Urea,86.32,Mid growth
Cotton,Karnataka,Clay,7.33,132.77,40.22,114.26,1.4,28.58,523.03,25.32,20,Mixed,165.92,Before sowing
Tomato,Andhra Pradesh,Peaty,6.31,174.37,59.2,150.01,1.78,31.13,960.17,22.67,10,Compost,171.56,Pre-harvest
Groundnut,Andhra Pradesh,Loamy,6.87,144.31,50.42,116.64,1.14,26.43,619.05,24.23,13,Mixed,121.03,Before sowing
Groundnut,Karnataka,Sandy,6.82,157.37,54.13,98.03,1.38,33.35,692.22,25.18,4,Potash,120.5,Mid growth
Wheat,Andhra Pradesh,Clay,7.49,143.27,34.64,109.28,1.26,38.53,423.09,21.45,9,Mixed,156.06,Mid growth
Cotton,Andhra Pradesh,Peaty,5.92,148.76,41.38,122.58,1.38,28.12,623.96,26.63,18,Urea,157.58,Mid growth
Potato,Tamil Nadu,Loamy,6.72,159.4,53.42,141.44,1.42,33.86,611.85,22.38,5,Potash,122.79,Before sowing
Potato,Gujarat,Silty,5.85,166.26,40.7,135.04,1.56,20.61,919.53,27.15,10,Compost,126.35,After sowing
Millet,Gujarat,Sandy,6.13,115.62,29.72,136.5,1.28,27.6,426.89,24.46,13,Urea,170.95,After sowing
Maize,Karnataka,Silty,5.94,136.01,30.54,94.4,1.4,23.1,745.53,29.83,10,Potash,147.49,After sowing
Groundnut,Karnataka,Loamy,6.61,164.12,34.74,149.28,1.31,29.96,713.53,32.33,13,Compost,185.21,Before sowing
Tomato,Karnataka,Silty,5.91,144.69,50.94,137.75,1.37,24.29,826.87,21.45,5,Compost,192.69,Before sowing
Cotton,Karnataka,Clay,6.73,151.39,39.15,131.01,1.23,30.58,721.94,24.82,13,Compost,190.4,Before sowing
Wheat,Maharashtra,Peaty,5.92,158.88,40.35,116.59,0.82,38.91,530.71,24.81,8,Urea,177.01,Mid growth
Soybean,Karnataka,Clay,6.69,156.13,52.69,96.43,1.52,22.45,532.87,30.24,14,Potash,162.56,Pre-harvest
Cotton,Andhra Pradesh,Silty,7.31,137.0,43.12,144.3,1.23,31.75,667.15,30.39,20,DAP,92.98,Before sowing
Cotton,Maharashtra,Loamy,6.24,159.58,52.52,136.12,1.18,39.26,835.93,31.76,11,Urea,179.1,After sowing
Cotton,Andhra Pradesh,Sandy,7.39,143.8,31.9,130.27,1.51,36.46,657.64,27.08,14,Compost,126.68,Before sowing
Groundnut,Andhra Pradesh,Sandy,6.08,162.13,50.8,102.05,1.32,35.41,799.65,30.67,13,DAP,139.5,After sowing
Tomato,Maharashtra,Silty,6.61,146.02,40.81,154.56,1.78,22.41,907.09,18.8,18,Compost,104.65,Mid growth
Cotton,Tamil Nadu,Clay,7.21,162.18,30.8,92.35,1.04,31.2,877.49,31.16,10,Potash,126.53,After sowing
Groundnut,Tamil Nadu,Clay,6.04,168.41,53.54,136.01,1.55,29.36,667.3,30.85,15,Compost,171.74,Pre-harvest
Groundnut,Andhra Pradesh,Clay,7.34,149.61,38.62,103.51,1.01,34.91,509.85,29.54,9,Mixed,192.0,After sowing
Millet,Andhra Pradesh,Sandy,7.19,108.73,44.86,87.73,1.05,35.75,628.25,21.41,6,Urea,164.2,Before sowing
Cotton,Tamil Nadu,Silty,7.45,156.09,52.99,99.86,1.52,28.57,595.01,29.86,7,Potash,128.49,Before sowing
Cotton,Tamil Nadu,Clay,6.96,135.99,43.25,121.99,1.07,35.8,869.59,32.15,5,Compost,199.18,Mid growth
Sugarcane,Karnataka,Peaty,6.73,176.58,51.22,116.14,1.72,20.88,975.1,25.79,6,Compost,113.34,Pre-harvest
Cotton,Tamil Nadu,Loamy,7.04,117.23,43.95,147.37,1.44,29.59,751.55,29.36,20,Urea,166.12,Mid growth
Rice,Karnataka,Clay,6.88,148.37,39.91,141.14,1.16,39.22,1066.87,32.5,13,Compost,125.62,After sowing
Cotton,Karnataka,Sandy,6.66,116.89,38.6,96.02,1.58,25.95,896.6,30.43,14,Urea,173.44,Pre-harvest
Tomato,Maharashtra,Sandy,7.06,174.95,58.87,133.8,1.49,31.76,762.36,25.19,20,Urea,199.16,Mid growth
Potato,Tamil Nadu,Peaty,5.89,180.31,56.38,146.09,1.4,22.35,982.04,22.45,17,Mixed,99.68,Mid growth
Maize,Maharashtra,Clay,6.36,108.07,44.78,117.29,1.24,38.52,417.12,28.84,17,Urea,171.62,After sowing
Wheat,Andhra Pradesh,Clay,6.89,116.67,43.12,137.57,0.92,28.45,410.12,29.4,20,Urea,192.68,Mid growth
Groundnut,Karnataka,Silty,5.92,128.65,39.8,96.79,1.33,39.08,610.99,32.07,6,Potash,91.66,Pre-harvest
Cotton,Andhra Pradesh,Sandy,6.68,126.91,45.35,132.53,1.05,23.28,525.07,26.61,11,Compost,192.91,Pre-harvest
Potato,Andhra Pradesh,Silty,7.43,138.25,54.39,129.84,1.6,29.3,937.45,26.66,19,Compost,129.17,Mid growth
Groundnut,Tamil Nadu,Peaty,7.01,168.4,45.67,117.7,1.58,20.3,635.81,29.6,9,Compost,193.16,Pre-harvest
Sugarcane,Karnataka,Silty,7.03,173.33,36.36,135.1,1.2,38.55,1409.98,33.62,7,Compost,156.85,Pre-harvest
Soybean,Karnataka,Peaty,5.9,134.49,40.94,132.6,1.52,37.14,706.86,28.6,18,Compost,138.79,Before sowing
Groundnut,Andhra Pradesh,Sandy,6.46,134.6,46.83,132.55,1.5,30.0,808.36,27.75,13,DAP,109.41,Pre-harvest
Maize,Andhra Pradesh,Silty,6.02,131.23,29.32,82.32,0.88,28.32,594.6,23.93,7,DAP,124.82,Pre-harvest
Maize,Tamil Nadu,Clay,6.38,135.5,30.51,82.99,1.12,38.48,502.35,28.92,8,Potash,165.98,Before sowing
Soybean,Karnataka,Sandy,6.32,134.61,43.44,115.63,1.54,32.09,725.64,26.14,9,Compost,111.31,Before sowing
Cotton,Karnataka,Clay,5.98,125.22,47.95,98.46,1.53,24.35,662.28,31.47,7,Potash,112.95,Mid growth
Rice,Karnataka,Loamy,6.52,129.44,44.52,120.98,1.19,20.31,977.17,29.87,17,Compost,138.03,Mid growth
Groundnut,Tamil Nadu,Silty,6.08,145.25,38.36,142.9,1.58,25.07,582.08,32.59,20,Compost,152.24,Before sowing
Groundnut,Tamil Nadu,Silty,7.31,158.37,31.93,110.04,1.58,30.1,602.14,25.39,9,Compost,86.66,Pre-harvest
Wheat,Maharashtra,Loamy,6.15,115.13,26.27,133.85,1.05,34.28,458.59,21.75,17,Urea,115.22,After sowing
Sugarcane,Maharashtra,Silty,6.25,150.6,56.92,129.36,1.7,20.83,1479.47,31.75,14,Compost,98.9,Before sowing
Sugarcane,Karnataka,Loamy,6.53,169.96,46.23,135.03,1.55,21.44,1390.46,33.84,6,Compost,182.8,Pre-harvest
Rice,Tamil Nadu,Peaty,5.98,149.0,31.76,109.04,1.23,22.48,1271.26,32.5,15,Mixed,130.35,Mid growth
Groundnut,Karnataka,Peaty,6.32,135.34,39.16,132.16,1.25,23.47,797.97,27.93,14,DAP,86.91,Mid growth
Groundnut,Gujarat,Sandy,7.26,163.23,43.78,113.84,1.32,34.58,576.24,29.03,14,Urea,178.75,Mid growth
Rice,Maharashtra,Loamy,6.38,162.6,32.31,125.14,1.7,28.64,874.16,28.14,18,Compost,177.99,Mid growth
Tomato,Maharashtra,Clay,6.18,167.87,55.76,146.52,1.27,27.4,622.4,26.8,17,Mixed,191.08,Pre-harvest
Rice,Maharashtra,Silty,6.89,154.34,58.93,119.09,1.75,36.61,997.51,31.04,14,Compost,169.32,After sowing
Wheat,Karnataka,Silty,6.49,108.51,30.86,124.75,1.07,37.48,746.23,28.11,9,Urea,92.19,After sowing
Soybean,Karnataka,Silty,6.57,112.55,42.88,149.09,1.33,37.93,815.27,26.25,7,Urea,81.68,Before sowing
Rice,Gujarat,Clay,6.34,164.75,52.65,140.54,1.58,25.3,1350.67,32.15,7,Compost,101.8,Mid growth
Groundnut,Tamil Nadu,Loamy,7.23,110.82,43.8,131.8,1.29,22.71,629.41,28.2,9,Urea,194.29,Pre-harvest
Soybean,Maharashtra,Silty,7.32,144.21,40.9,94.86,1.27,26.48,878.46,28.87,10,Potash,144.18,After sowing
Wheat,Tamil Nadu,Peaty,7.21,134.71,29.08,93.71,1.26,38.38,768.98,28.63,16,DAP,97.07,Before sowing
Sugarcane,Maharashtra,Clay,5.94,143.9,58.42,101.57,1.06,33.64,1216.28,28.86,6,DAP,87.15,Pre-harvest
Cotton,Tamil Nadu,Peaty,7.28,127.8,38.07,109.59,1.51,23.44,587.96,28.9,10,Compost,171.52,After sowing
Rice,Gujarat,Clay,7.32,153.79,32.62,154.82,1.11,21.29,1181.03,33.28,20,Urea,97.95,After sowing
Sugarcane,Karnataka,Sandy,6.11,171.78,54.14,109.73,1.69,21.32,1441.32,29.69,18,Compost,195.13,Before sowing
Tomato,Andhra Pradesh,Clay,7.31,167.17,50.27,141.53,1.57,37.38,890.53,23.05,12,Compost,159.64,Before sowing
Soybean,Maharashtra,Sandy,7.0,138.03,35.0,121.87,1.19,33.98,846.36,32.59,15,Compost,158.71,After sowing
Maize,Maharashtra,Silty,6.87,136.57,38.59,94.53,1.45,33.94,607.62,27.88,20,Potash,180.06,Pre-harvest
Tomato,Tamil Nadu,Peaty,6.32,166.01,48.28,147.43,1.39,23.97,705.94,18.23,17,DAP,99.78,After sowing
Maize,Karnataka,Sandy,6.12,159.87,41.43,111.57,1.26,32.56,569.05,21.38,9,Potash,115.73,After sowing
Wheat,Tamil Nadu,Loamy,7.5,134.05,33.7,138.53,0.8,39.13,440.15,20.26,9,Compost,90.78,Mid growth
Groundnut,Karnataka,Silty,5.92,169.89,44.8,143.1,1.15,32.7,730.33,26.38,5,Urea,93.03,After sowing
Millet,Karnataka,Clay,6.67,104.2,37.25,83.56,1.01,31.53,619.89,25.71,8,Urea,144.21,Mid growth
Millet,Maharashtra,Peaty,7.23,150.15,34.64,125.02,1.19,26.19,665.82,29.29,6,DAP,152.61,Before sowing
Millet,Gujarat,Silty,6.91,150.88,42.19,121.1,1.4,36.01,603.42,21.71,14,Potash,140.7,Before sowing
Cotton,Maharashtra,Sandy,5.92,161.88,39.33,143.77,1.01,27.96,534.76,32.78,5,Mixed,103.1,Pre-harvest
Maize,Karnataka,Peaty,6.39,131.53,36.39,93.36,1.31,26.22,418.35,29.26,8,Potash,85.65,Before sowing
Rice,Karnataka,Silty,6.75,162.01,59.63,118.64,1.6,25.29,1245.23,27.16,14,Compost,144.51,Before sowing
Cotton,Maharashtra,Silty,5.97,121.91,36.1,98.22,1.35,25.86,532.13,32.71,15,Potash,195.9,After sowing
Maize,Karnataka,Loamy,6.74,146.89,33.56,108.72,1.15,26.67,683.24,29.93,12,Mixed,119.32,Pre-harvest
Cotton,Gujarat,Peaty,7.12,148.12,32.42,129.29,1.12,38.64,599.49,25.32,5,DAP,193.4,After sowing
Cotton,Gujarat,Peaty,6.58,145.67,34.63,117.02,1.59,26.3,779.07,31.95,20,Compost,168.43,After sowing
Millet,Tamil Nadu,Peaty,7.31,120.55,42.19,96.34,1.1,32.94,689.17,22.25,11,Potash,110.93,Pre-harvest
Groundnut,Andhra Pradesh,Peaty,6.53,153.86,46.29,110.73,1.31,34.33,858.6,27.33,8,Potash,148.5,After sowing
Wheat,Karnataka,Loamy,6.64,125.66,25.74,124.84,1.39,36.03,599.57,26.34,6,DAP,115.59,Mid growth
Maize,Maharashtra,Sandy,5.82,146.36,46.53,101.4,0.92,30.61,407.61,22.67,17,Compost,183.75,Before sowing
Millet,Maharashtra,Loamy,6.6,131.15,33.43,135.44,0.84,26.32,720.97,24.59,9,Potash,189.7,After sowing
Rice,Andhra Pradesh,Silty,5.86,152.45,47.84,138.58,1.73,23.42,881.64,30.41,14,Compost,182.49,Pre-harvest
Tomato,Maharashtra,Silty,6.44,152.01,59.65,120.25,1.63,35.57,946.14,21.67,10,Compost,80.94,Before sowing
Millet,Maharashtra,Clay,5.92,119.03,39.09,114.6,1.3,20.85,683.35,27.77,12,Urea,136.74,Before sowing
Tomato,Maharashtra,Clay,6.54,152.47,55.08,157.23,1.63,30.77,667.33,20.74,4,Compost,196.83,After sowing
Groundnut,Maharashtra,Clay,6.61,158.54,44.86,108.08,1.43,20.67,564.91,25.89,5,Urea,102.37,Mid growth
Millet,Maharashtra,Peaty,6.44,156.97,25.75,98.18,1.18,22.43,642.74,22.2,5,DAP,81.22,After sowing
Rice,Maharashtra,Clay,6.4,139.86,39.4,122.92,1.23,22.34,1493.11,33.99,5,Urea,83.47,After sowing
Maize,Gujarat,Sandy,6.18,118.46,49.53,139.52,1.48,24.88,740.84,29.53,6,Urea,157.15,Before sowing
Cotton,Tamil Nadu,Clay,6.62,158.08,41.31,123.38,1.19,34.6,829.13,32.5,20,DAP,81.61,Mid growth
Maize,Gujarat,Loamy,6.39,104.97,25.45,125.1,0.94,21.84,484.76,26.87,4,Urea,103.12,Before sowing
Cotton,Gujarat,Clay,7.0,140.82,33.5,130.5,1.13,23.65,720.51,26.99,20,Mixed,89.1,Mid growth
Maize,Karnataka,Silty,6.64,120.47,44.45,105.27,1.0,32.17,448.93,22.07,19,Compost,108.71,Pre-harvest
Maize,Tamil Nadu,Sandy,6.52,149.09,49.72,132.88,1.26,37.64,645.44,27.47,15,Compost,119.73,Pre-harvest
Maize,Maharashtra,Loamy,7.14,157.89,41.0,131.7,1.1,21.34,736.4,27.1,13,Urea,157.55,Pre-harvest
Rice,Andhra Pradesh,Peaty,5.82,138.93,31.96,102.08,1.69,38.0,919.37,32.86,7,Compost,168.06,Pre-harvest
Sugarcane,Karnataka,Silty,5.98,128.61,58.98,139.11,1.24,33.38,1342.28,33.96,8,Urea,145.82,Before sowing
Potato,Gujarat,Silty,7.21,155.87,50.58,128.99,1.57,26.07,693.97,20.38,6,Compost,136.32,Pre-harvest
Soybean,Gujarat,Loamy,6.77,144.93,51.56,109.94,1.38,31.97,643.93,32.38,8,Mixed,86.46,After sowing
Rice,Gujarat,Sandy,7.16,142.45,40.94,133.67,1.3,37.09,1370.98,30.63,11,DAP,153.42,After sowing
Soybean,Gujarat,Silty,6.83,126.81,48.65,99.23,1.53,39.37,525.96,26.62,9,Potash,198.37,Mid growth
Soybean,Gujarat,Loamy,7.45,137.48,45.82,113.49,1.53,32.93,565.42,30.95,15,Compost,184.46,Pre-harvest
Tomato,Andhra Pradesh,Loamy,7.49,184.38,58.79,110.17,1.43,37.96,609.67,26.02,5,Compost,101.27,Before sowing
Wheat,Maharashtra,Clay,6.59,104.11,35.63,112.13,0.86,28.73,424.4,27.41,18,Urea,137.47,After sowing
Wheat,Tamil Nadu,Peaty,5.97,125.58,25.91,93.86,0.86,29.79,647.15,22.62,4,DAP,101.32,Mid growth
Tomato,Karnataka,Clay,6.72,180.55,47.22,118.41,1.57,35.03,907.99,27.08,18,Compost,96.27,Before sowing
Soybean,Tamil Nadu,Silty,5.9,145.31,53.24,123.4,1.12,26.37,575.59,31.17,6,Urea,163.11,After sowing
Millet,Andhra Pradesh,Clay,6.34,142.92,37.58,118.44,0.81,38.6,786.59,23.87,7,Mixed,113.97,Mid growth
Cotton,Karnataka,Silty,6.66,127.0,31.2,122.87,1.39,25.33,670.32,26.53,9,Compost,151.74,Mid growth
Groundnut,Andhra Pradesh,Peaty,7.11,152.1,50.07,94.06,1.36,30.74,816.73,28.86,18,Potash,92.72,After sowing
Sugarcane,Karnataka,Clay,6.04,160.01,58.68,107.98,1.23,20.33,1183.26,28.72,4,Potash,132.51,Pre-harvest
Maize,Andhra Pradesh,Silty,6.8,132.9,32.83,103.92,1.1,20.38,480.72,26.96,8,Urea,165.43,Before sowing
Potato,Karnataka,Loamy,7.35,162.53,45.52,132.9,1.33,27.76,696.13,25.86,10,Potash,97.72,Before sowing
Soybean,Andhra Pradesh,Clay,6.94,155.38,51.71,126.53,1.14,34.47,507.27,27.24,6,Urea,122.15,After sowing
Rice,Andhra Pradesh,Silty,6.22,156.92,31.94,116.18,1.18,24.82,877.83,30.21,12,Urea,129.13,After sowing
Millet,Andhra Pradesh,Silty,6.7,136.89,34.55,115.7,1.4,31.49,527.0,22.96,13,Mixed,151.97,Mid growth
Rice,Tamil Nadu,Silty,7.3,154.48,31.29,122.41,1.05,27.4,1437.04,29.35,12,Urea,174.26,Mid growth
Rice,Tamil Nadu,Sandy,6.81,123.53,41.12,133.44,1.51,28.64,1201.36,28.22,13,Compost,112.63,Pre-harvest
Rice,Karnataka,Loamy,6.23,173.21,31.93,137.68,1.44,37.09,881.13,32.5,17,Mixed,146.83,Mid growth
Tomato,Karnataka,Sandy,6.6,161.27,41.95,125.15,1.27,38.12,842.56,20.53,10,Compost,161.49,After sowing
Cotton,Gujarat,Clay,6.28,160.84,54.7,95.01,1.29,31.47,837.31,25.06,11,Potash,128.09,Mid growth
Maize,Maharashtra,Clay,6.46,113.77,33.78,87.18,1.48,27.92,744.74,21.69,14,Urea,114.02,Mid growth
Wheat,Tamil Nadu,Sandy,6.12,145.59,44.27,104.37,1.42,31.3,482.35,21.87,9,Compost,87.62,Mid growth
Cotton,Tamil Nadu,Clay,7.38,142.5,51.26,111.96,1.46,28.75,529.34,29.53,18,Urea,89.64,Before sowing
Cotton,Maharashtra,Sandy,5.88,151.51,41.34,101.0,1.32,23.24,854.42,32.75,12,Potash,168.57,Before sowing
Wheat,Tamil Nadu,Loamy,6.6,154.14,49.03,103.32,1.19,25.11,788.4,20.38,11,Compost,192.66,Before sowing
Potato,Gujarat,Peaty,6.27,164.08,46.52,156.06,1.56,37.87,716.6,21.22,7,Compost,186.16,After sowing
Millet,Karnataka,Sandy,6.77,129.61,26.91,120.61,0.87,23.1,702.95,22.46,7,DAP,95.87,Mid growth
Potato,Tamil Nadu,Peaty,6.17,158.3,57.71,148.36,1.7,35.64,642.5,24.59,20,Compost,191.78,Before sowing
Groundnut,Karnataka,Peaty,6.84,117.39,35.76,118.33,1.5,33.73,886.28,29.49,7,Urea,80.1,Before sowing
Groundnut,Gujarat,Clay,7.37,147.56,38.67,142.2,1.35,28.49,672.97,26.08,8,Mixed,173.22,After sowing
Wheat,Gujarat,Loamy,6.32,123.28,37.16,120.01,1.16,30.62,439.54,22.98,17,Compost,116.82,Before sowing
Potato,Karnataka,Loamy,6.45,181.28,47.12,158.33,1.57,38.1,820.33,25.65,20,Compost,129.35,Before sowing
Soybean,Gujarat,Sandy,5.89,151.11,34.28,140.13,1.09,35.45,688.99,28.3,12,Compost,170.8,Pre-harvest
Groundnut,Karnataka,Clay,7.13,136.43,52.68,112.26,1.03,26.03,649.37,31.76,12,DAP,188.4,Before sowing
Cotton,Gujarat,Peaty,7.48,147.67,54.63,131.85,1.1,22.86,513.25,30.54,5,DAP,169.92,Before sowing
Wheat,Karnataka,Peaty,6.03,116.97,31.55,107.54,1.23,35.7,650.82,24.46,10,Urea,170.84,After sowing
Tomato,Gujarat,Sandy,6.94,178.95,37.64,129.16,1.63,33.69,891.95,21.68,16,Compost,170.14,After sowing
Sugarcane,Maharashtra,Clay,6.09,169.67,38.38,130.51,1.0,29.7,945.97,33.23,12,Potash,99.83,Mid growth
Rice,Andhra Pradesh,Clay,5.94,152.55,52.68,125.56,1.61,21.45,926.03,25.85,16,Compost,89.61,Pre-harvest
Sugarcane,Karnataka,Loamy,5.9,150.22,56.02,124.66,1.47,35.13,1483.96,25.99,20,Compost,87.37,Pre-harvest
Tomato,Maharashtra,Clay,6.81,173.26,46.21,123.52,1.2,24.18,795.85,23.81,19,Potash,145.55,After sowing
Sugarcane,Gujarat,Silty,7.17,143.66,60.0,157.78,1.46,29.9,1359.01,33.01,4,Potash,164.41,Mid growth
Tomato,Tamil Nadu,Silty,6.24,169.62,50.58,110.95,1.72,20.52,773.95,20.19,12,Compost,186.48,Pre-harvest
Soybean,Karnataka,Peaty,5.96,157.33,44.65,102.78,1.26,24.29,583.3,32.97,19,DAP,105.91,Mid growth
Rice,Tamil Nadu,Silty,6.11,161.3,38.77,133.38,1.37,22.05,1223.81,31.89,20,DAP,143.4,Pre-harvest
Tomato,Maharashtra,Clay,6.21,155.21,44.04,145.8,1.39,29.1,721.53,18.34,12,DAP,93.05,Pre-harvest
Maize,Andhra Pradesh,Sandy,6.9,116.56,29.72,103.37,1.1,33.39,721.85,27.16,5,Urea,154.58,Before sowing
Groundnut,Andhra Pradesh,Sandy,7.1,118.35,40.89,99.79,1.48,22.43,685.56,31.95,20,Urea,104.32,Before sowing
Maize,Maharashtra,Silty,7.32,122.06,26.02,103.63,1.23,34.31,760.23,28.12,20,DAP,114.31,Mid growth
Tomato,Andhra Pradesh,Sandy,5.93,150.91,56.3,125.94,1.27,30.45,835.03,24.0,15,Compost,87.7,Mid growth
Wheat,Gujarat,Loamy,6.16,136.42,46.55,95.83,0.93,28.67,563.54,28.48,17,Potash,122.98,Pre-harvest
Sugarcane,Maharashtra,Clay,6.02,123.26,31.0,111.41,1.47,22.15,1448.38,29.22,20,Urea,164.29,Mid growth
Potato,Maharashtra,Sandy,7.48,154.55,42.67,157.92,1.77,26.05,692.47,19.85,16,Compost,164.61,Mid growth
Potato,Andhra Pradesh,Sandy,6.82,174.78,35.09,155.31,1.34,27.95,793.32,21.15,15,DAP,91.21,After sowing
Millet,Maharashtra,Silty,6.17,136.97,41.04,114.26,1.11,29.94,508.81,27.95,4,Potash,80.43,Before sowing
Soybean,Gujarat,Sandy,6.72,146.09,48.84,143.96,1.58,26.31,768.8,29.57,19,Compost,193.45,Before sowing
Tomato,Maharashtra,Peaty,7.18,153.49,39.38,132.87,1.45,20.09,850.91,27.06,19,Compost,179.74,Pre-harvest
Potato,Tamil Nadu,Silty,6.76,184.75,56.54,143.53,1.67,26.33,878.81,20.64,6,Compost,156.68,Pre-harvest
Maize,Andhra Pradesh,Peaty,6.33,153.38,44.99,94.52,0.93,21.76,787.59,22.35,18,Potash,84.17,Before sowing
Soybean,Karnataka,Clay,6.43,135.51,32.49,149.74,1.22,28.05,804.38,27.57,7,Compost,178.82,After sowing
Maize,Andhra Pradesh,Loamy,6.47,105.1,31.07,99.09,1.4,35.19,530.26,20.08,19,Urea,80.41,After sowing
Tomato,Karnataka,Sandy,6.75,131.7,35.27,111.29,1.21,37.21,768.84,19.75,13,DAP,147.4,Pre-harvest
Potato,Maharashtra,Clay,5.89,160.15,45.16,143.43,1.4,33.3,781.7,23.81,13,Urea,165.9,Before sowing
Soybean,Andhra Pradesh,Silty,6.11,157.56,47.1,129.0,1.33,24.67,800.11,28.38,20,Potash,123.91,Mid growth
Millet,Gujarat,Clay,7.38,106.63,25.33,92.6,0.94,37.17,619.21,28.66,4,Urea,133.15,Pre-harvest
Sugarcane,Tamil Nadu,Silty,6.38,150.26,35.77,124.14,1.32,21.34,1112.7,31.02,12,DAP,189.11,After sowing
Rice,Andhra Pradesh,Loamy,6.31,143.49,58.52,121.53,1.1,26.61,981.59,25.25,18,Compost,121.64,Mid growth
Maize,Andhra Pradesh,Loamy,6.18,156.1,26.95,90.33,0.83,25.5,400.83,20.19,20,DAP,88.36,Mid growth
Potato,Andhra Pradesh,Clay,7.47,138.16,64.02,114.1,1.61,22.14,974.79,24.89,15,Compost,175.73,Before sowing
Cotton,Tamil Nadu,Loamy,7.34,168.4,48.34,116.16,1.19,29.69,598.28,27.41,6,Potash,143.05,After sowing
Cotton,Andhra Pradesh,Sandy,7.45,112.09,43.02,116.83,1.32,28.77,506.75,24.44,9,Urea,89.61,After sowing
Sugarcane,Karnataka,Clay,7.3,122.8,46.26,121.84,1.33,23.68,1196.39,25.34,10,Urea,152.92,Before sowing
Rice,Andhra Pradesh,Clay,6.35,175.78,32.84,146.81,1.58,38.05,1188.3,29.65,14,Compost,116.19,Mid growth
Soybean,Maharashtra,Loamy,5.91,110.28,38.29,120.35,1.29,34.63,770.82,28.87,11,Urea,91.45,After sowing
Potato,Tamil Nadu,Peaty,5.92,147.5,36.02,124.14,1.38,31.58,850.76,21.04,14,Urea,157.95,Mid growth
Rice,Andhra Pradesh,Peaty,7.17,130.02,49.38,103.99,1.26,36.03,1227.78,26.68,15,Mixed,143.1,Pre-harvest
Sugarcane,Gujarat,Peaty,6.26,178.02,33.95,128.69,1.22,35.57,1246.61,33.17,11,Potash,82.15,Pre-harvest
Maize,Andhra Pradesh,Clay,6.28,156.65,25.68,95.57,1.27,39.66,475.34,22.83,9,DAP,92.68,Before sowing
Rice,Andhra Pradesh,Clay,7.3,169.66,44.87,136.14,1.76,39.71,965.05,32.67,16,Compost,151.0,Mid growth
Cotton,Maharashtra,Clay,6.4,117.3,51.13,139.46,1.25,22.9,806.24,25.19,5,Urea,194.15,After sowing
Millet,Maharashtra,Clay,7.1,156.04,29.68,83.36,1.22,20.91,746.72,21.6,9,DAP,110.55,Mid growth
Tomato,Tamil Nadu,Sandy,6.42,161.45,60.16,145.27,1.35,30.42,723.7,21.21,14,Compost,145.05,Pre-harvest
Millet,Andhra Pradesh,Sandy,7.41,117.96,45.62,108.62,1.27,21.6,414.39,26.49,17,Urea,102.8,Before sowing
Sugarcane,Gujarat,Clay,5.9,122.73,56.51,143.27,1.44,37.31,1334.63,29.47,14,Urea,164.28,After sowing
Rice,Andhra Pradesh,Peaty,5.89,159.16,56.44,140.72,1.58,24.62,878.46,28.17,18,Compost,80.73,After sowing
Millet,Andhra Pradesh,Loamy,6.13,128.17,33.46,137.63,1.44,37.2,403.04,23.12,18,Compost,93.95,Mid growth
Soybean,Andhra Pradesh,Loamy,6.19,153.57,32.77,126.62,1.45,32.99,741.37,32.85,15,Potash,171.89,Before sowing
Soybean,Tamil Nadu,Sandy,5.95,136.96,54.56,122.22,1.03,21.08,757.08,25.88,18,DAP,153.15,Pre-harvest
Groundnut,Tamil Nadu,Loamy,5.94,115.09,48.02,95.54,1.44,29.3,755.19,28.48,7,Urea,111.4,Pre-harvest
Groundnut,Andhra Pradesh,Loamy,6.29,140.37,34.56,125.71,1.12,31.21,689.61,32.83,6,Potash,151.13,Mid growth
Wheat,Maharashtra,Peaty,7.26,103.74,39.01,82.87,1.11,30.47,513.14,23.02,10,Urea,115.92,Before sowing
Groundnut,Tamil Nadu,Silty,6.14,140.89,33.53,149.22,1.45,20.43,773.5,29.65,8,DAP,156.98,Pre-harvest
Sugarcane,Tamil Nadu,Sandy,6.33,145.0,49.4,135.77,1.01,30.78,1022.36,34.87,10,Mixed,89.6,Before sowing
Tomato,Maharashtra,Silty,7.17,157.71,52.05,130.21,1.55,27.33,953.93,22.11,16,Compost,145.72,Pre-harvest
Rice,Gujarat,Loamy,7.5,158.99,50.57,124.19,1.63,22.61,871.29,26.23,20,Compost,136.77,Mid growth
Potato,Andhra Pradesh,Peaty,6.67,178.23,62.59,118.17,1.29,35.33,606.24,27.94,4,Mixed,126.43,After sowing
Soybean,Andhra Pradesh,Silty,6.14,135.53,33.55,145.62,1.02,24.69,523.66,24.98,14,Potash,154.92,Mid growth
Rice,Andhra Pradesh,Sandy,6.6,142.35,50.47,149.31,1.54,33.72,1284.01,28.99,15,Compost,171.66,Pre-harvest
Potato,Gujarat,Peaty,6.67,140.5,43.71,148.95,1.63,33.42,864.08,22.0,16,Compost,136.62,After sowing
Groundnut,Maharashtra,Clay,7.19,155.26,45.03,102.57,1.35,36.94,829.98,26.56,12,Potash,143.46,Pre-harvest
Wheat,Karnataka,Clay,5.84,114.17,26.11,139.96,1.27,38.21,594.88,26.84,6,Urea,155.84,Pre-harvest
Groundnut,Maharashtra,Sandy,5.9,149.89,38.5,119.23,1.55,37.0,569.23,27.41,15,Compost,178.15,Before sowing
Sugarcane,Maharashtra,Clay,7.0,127.67,51.7,124.49,1.07,30.3,1128.41,27.71,6,Mixed,199.9,Pre-harvest
Cotton,Gujarat,Clay,5.82,143.3,45.19,145.34,1.0,28.98,862.05,28.23,11,DAP,144.11,After sowing
Potato,Andhra Pradesh,Clay,7.22,179.25,43.93,151.86,1.76,33.37,939.41,27.38,19,Compost,113.06,Before sowing
Rice,Andhra Pradesh,Silty,6.09,130.16,40.67,124.77,1.62,34.08,980.46,29.43,12,Compost,171.86,Mid growth
Millet,Maharashtra,Peaty,7.21,100.15,33.53,120.47,0.97,26.5,410.15,27.75,8,Urea,122.7,Before sowing
Wheat,Andhra Pradesh,Sandy,6.71,100.17,39.06,95.57,1.48,32.24,470.1,29.33,13,Urea,165.95,After sowing
Cotton,Andhra Pradesh,Clay,6.5,136.28,44.92,148.61,1.29,22.58,600.63,31.61,17,Mixed,169.34,After sowing
Millet,Tamil Nadu,Silty,6.36,119.3,38.8,123.94,1.1,31.67,668.61,28.51,6,Urea,195.25,Pre-harvest
Soybean,Tamil Nadu,Sandy,7.3,138.51,41.52,115.12,1.11,37.56,839.02,29.79,20,Potash,97.2,Mid growth
Soybean,Gujarat,Loamy,6.16,132.36,45.24,98.38,1.49,39.85,783.85,27.35,10,Potash,119.62,Pre-harvest
Potato,Gujarat,Clay,6.71,153.25,44.39,116.33,1.38,30.16,724.3,24.67,9,DAP,133.36,After sowing
Cotton,Maharashtra,Peaty,6.0,129.94,31.16,131.98,1.25,24.71,577.81,32.21,14,Compost,124.42,Before sowing
Tomato,Maharashtra,Peaty,6.42,167.83,53.72,152.7,1.41,37.96,748.28,22.74,15,Mixed,158.33,Mid growth
Wheat,Tamil Nadu,Peaty,7.39,146.48,29.36,123.08,1.27,23.57,621.02,20.91,17,DAP,102.45,Mid growth
Sugarcane,Tamil Nadu,Peaty,7.16,162.7,41.11,128.37,1.61,21.18,1048.45,28.13,16,Compost,165.77,Before sowing
Wheat,Maharashtra,Loamy,7.09,154.09,35.58,116.63,0.91,29.79,765.23,27.2,10,Urea,190.44,Mid growth
Cotton,Gujarat,Silty,7.43,155.0,39.33,122.91,1.36,23.76,762.71,26.67,13,Potash,198.88,Mid growth
Cotton,Karnataka,Sandy,6.41,165.5,37.12,120.43,1.1,23.07,529.51,27.73,7,DAP,142.02,Before sowing
Potato,Andhra Pradesh,Silty,6.04,134.93,55.23,119.81,1.25,30.73,901.37,19.63,15,Compost,83.82,Before sowing
Tomato,Tamil Nadu,Silty,6.44,156.18,49.56,159.21,1.52,26.85,834.15,20.39,14,Compost,139.31,Before sowing
Maize,Gujarat,Silty,7.0,101.46,36.61,91.68,1.05,35.61,736.36,20.77,5,Urea,124.47,Pre-harvest
Soybean,Gujarat,Sandy,7.06,154.28,53.69,137.97,1.57,30.17,584.44,31.87,7,Compost,171.37,After sowing
Tomato,Karnataka,Loamy,6.31,148.71,41.09,132.23,1.53,28.84,900.91,26.28,10,Compost,99.05,After sowing
Maize,Karnataka,Sandy,6.57,127.39,31.32,81.16,1.27,39.52,520.45,28.52,18,Potash,189.94,Pre-harvest
Potato,Tamil Nadu,Peaty,6.26,187.4,57.8,156.22,1.75,24.87,879.01,20.5,6,Compost,138.15,Pre-harvest
Groundnut,Andhra Pradesh,Sandy,6.76,121.65,42.66,133.82,1.02,20.41,612.34,25.88,6,Compost,130.96,Mid growth
Millet,Maharashtra,Peaty,7.1,126.68,32.2,96.37,1.26,22.82,665.52,24.83,7,Potash,170.91,Pre-harvest
Soybean,Andhra Pradesh,Clay,7.43,157.78,36.34,127.23,1.25,27.91,771.94,28.18,9,Mixed,170.12,Before sowing
Soybean,Tamil Nadu,Loamy,5.96,130.8,51.85,129.83,1.48,28.58,544.12,30.15,10,Compost,102.96,After sowing
Potato,Andhra Pradesh,Peaty,6.71,152.62,39.99,142.41,1.59,37.95,792.85,24.38,17,Compost,91.39,After sowing
Groundnut,Gujarat,Peaty,6.91,138.65,46.6,136.32,1.45,34.3,788.92,29.85,13,DAP,139.88,After sowing
Groundnut,Maharashtra,Loamy,6.19,166.12,47.75,108.19,1.58,34.64,897.23,25.14,4,Compost,173.22,Before sowing
Potato,Maharashtra,Sandy,6.13,188.76,51.76,142.29,1.29,23.47,841.1,26.52,11,Compost,95.89,Before sowing
Tomato,Gujarat,Silty,6.2,148.93,62.17,111.62,1.27,21.25,771.74,24.77,4,DAP,113.55,Before sowing
Sugarcane,Andhra Pradesh,Peaty,6.82,143.74,35.59,126.67,1.57,27.48,934.28,29.87,15,Compost,120.79,After sowing
Groundnut,Karnataka,Sandy,7.04,147.44,35.07,145.37,1.15,23.43,792.32,24.98,11,DAP,181.31,Mid growth
Rice,Maharashtra,Peaty,6.53,146.83,42.19,101.04,1.71,25.32,811.2,28.95,16,Compost,178.74,Mid growth
Wheat,Maharashtra,Loamy,6.16,146.57,27.36,122.63,1.46,31.75,684.67,20.31,16,DAP,138.28,Before sowing
Cotton,Maharashtra,Peaty,7.22,139.2,47.89,145.67,1.52,36.29,540.72,25.08,13,Compost,87.06,Mid growth
Sugarcane,Maharashtra,Sandy,7.48,126.97,44.16,136.89,1.72,36.62,874.02,33.17,13,Compost,198.65,Mid growth
Soybean,Maharashtra,Peaty,6.27,111.96,41.25,129.29,1.41,25.56,569.43,32.25,17,Urea,199.39,Pre-harvest
Groundnut,Andhra Pradesh,Clay,7.11,164.67,54.31,117.29,1.21,36.55,677.34,24.47,18,Compost,142.57,Pre-harvest
Groundnut,Tamil Nadu,Silty,5.81,123.46,50.94,119.69,1.14,30.02,890.84,32.29,19,DAP,118.61,Mid growth
Rice,Andhra Pradesh,Loamy,6.24,137.56,32.04,107.12,1.64,28.76,1413.83,31.14,12,Compost,153.03,Pre-harvest
Maize,Karnataka,Peaty,7.22,132.08,40.1,103.79,1.35,37.84,531.74,20.36,12,DAP,118.8,Before sowing
Wheat,Maharashtra,Sandy,6.39,111.51,43.46,137.24,1.44,34.87,743.41,23.09,18,Urea,156.35,After sowing
Groundnut,Tamil Nadu,Peaty,7.47,116.58,41.36,144.86,1.44,38.98,847.49,26.93,9,Urea,111.63,After sowing
Soybean,Gujarat,Clay,7.37,156.81,51.54,135.43,1.07,25.28,709.74,28.71,6,Urea,155.09,Pre-harvest
Millet,Maharashtra,Loamy,6.14,131.42,42.66,105.7,1.49,38.4,672.1,21.52,7,Urea,120.06,Mid growth
Potato,Maharashtra,Loamy,6.28,135.29,52.93,154.81,1.49,36.7,880.28,22.75,8,Mixed,146.95,Before sowing
Tomato,Tamil Nadu,Clay,6.4,140.66,60.81,118.47,1.46,33.88,995.86,18.9,13,Mixed,98.2,Pre-harvest
Cotton,Andhra Pradesh,Clay,6.81,141.4,42.99,106.0,1.39,27.09,820.04,31.35,7,Urea,170.01,Pre-harvest
Millet,Gujarat,Sandy,6.01,128.6,33.47,120.26,0.84,28.69,690.68,28.68,6,Potash,83.01,After sowing
Wheat,Andhra Pradesh,Sandy,7.47,105.6,31.47,105.85,0.84,34.82,520.97,21.31,8,Urea,118.19,Before sowing
Potato,Karnataka,Sandy,6.09,160.63,35.25,154.59,1.34,36.93,965.21,26.69,16,Compost,147.2,After sowing
Tomato,Andhra Pradesh,Sandy,6.83,170.33,56.38,122.35,1.67,20.41,688.76,22.96,8,Compost,181.19,Mid growth
Maize,Karnataka,Silty,6.78,157.62,41.23,125.83,0.91,31.24,425.14,21.39,4,Potash,92.59,After sowing
Groundnut,Gujarat,Sandy,5.94,123.52,31.67,117.23,1.01,22.75,634.44,26.26,12,Potash,170.99,Mid growth
Sugarcane,Karnataka,Silty,6.15,126.87,59.39,136.88,1.75,31.11,1439.54,28.0,16,Compost,86.04,Mid growth
Maize,Karnataka,Sandy,6.84,111.0,25.79,107.12,1.2,25.38,491.52,24.74,10,Urea,176.82,Pre-harvest
Soybean,Gujarat,Sandy,6.09,140.49,52.2,102.32,1.53,27.36,672.4,28.24,20,Compost,91.82,Pre-harvest
Wheat,Gujarat,Clay,7.28,155.74,34.96,119.36,1.16,33.34,474.63,23.37,14,Urea,180.96,After sowing
Rice,Andhra Pradesh,Silty,7.11,160.5,47.44,121.22,1.06,38.16,1064.74,34.45,4,Urea,183.71,Mid growth
Maize,Maharashtra,Silty,7.04,114.98,37.87,99.22,1.4,31.1,697.45,21.05,10,Urea,195.18,Mid growth
Tomato,Tamil Nadu,Clay,7.39,186.51,51.91,127.25,1.21,30.54,968.91,25.92,17,Mixed,193.87,After sowing
Sugarcane,Karnataka,Peaty,6.32,156.27,44.81,130.27,1.38,23.17,939.23,28.52,20,Urea,111.22,Before sowing
Maize,Karnataka,Sandy,5.81,128.74,34.82,114.17,1.31,28.27,556.53,24.57,15,Urea,186.73,Before sowing
Tomato,Tamil Nadu,Loamy,7.15,182.41,64.26,156.71,1.29,22.55,676.74,24.27,11,Compost,113.61,Pre-harvest
Millet,Tamil Nadu,Silty,6.5,139.32,45.49,118.88,0.89,38.31,457.69,22.77,16,Potash,112.29,Before sowing
Wheat,Maharashtra,Sandy,7.25,114.72,42.13,84.8,1.31,30.43,774.03,29.54,4,Urea,154.32,Pre-harvest
Soybean,Andhra Pradesh,Silty,6.86,110.91,37.51,116.23,1.27,36.64,731.74,30.53,20,Urea,124.48,After sowing
Potato,Tamil Nadu,Peaty,7.35,185.94,43.53,110.54,1.62,25.71,628.26,24.77,15,Compost,88.18,Mid growth
Potato,Tamil Nadu,Loamy,6.75,149.27,47.34,123.16,1.48,22.18,700.51,25.58,17,DAP,193.0,Before sowing
Wheat,Karnataka,Silty,6.52,101.28,25.37,107.93,1.21,29.07,572.82,22.43,5,Urea,178.73,Mid growth
Groundnut,Tamil Nadu,Silty,6.09,131.33,48.69,107.32,1.41,25.68,700.48,25.49,9,DAP,184.23,Pre-harvest
Tomato,Andhra Pradesh,Loamy,6.52,172.19,58.13,136.81,1.41,36.26,604.52,24.22,12,Mixed,84.78,Mid growth
Maize,Tamil Nadu,Sandy,5.91,128.25,44.26,94.92,1.41,27.79,729.63,26.2,19,Potash,130.38,Mid growth
Maize,Tamil Nadu,Peaty,5.83,149.53,37.81,123.05,1.43,39.35,604.18,21.72,20,Mixed,148.4,Mid growth
Groundnut,Tamil Nadu,Clay,6.35,164.92,37.85,105.0,1.21,26.61,718.44,32.2,7,DAP,148.64,After sowing
Soybean,Karnataka,Sandy,7.36,116.17,44.26,111.92,1.25,28.2,520.24,31.13,7,Urea,123.94,Before sowing
Maize,Maharashtra,Peaty,7.02,138.32,43.56,135.21,0.97,25.84,685.49,25.67,7,DAP,97.14,After sowing
Maize,Maharashtra,Peaty,6.34,107.85,32.0,124.73,1.27,32.4,410.89,29.21,12,Urea,117.21,After sowing
Tomato,Karnataka,Clay,6.78,172.2,50.03,125.29,1.32,36.65,808.2,23.04,9,Urea,139.53,Pre-harvest
Wheat,Andhra Pradesh,Loamy,7.03,158.22,25.55,80.9,1.14,23.9,465.39,23.8,10,DAP,194.78,After sowing
Cotton,Karnataka,Peaty,6.55,117.84,49.53,134.12,1.56,33.14,722.2,32.44,4,Urea,97.61,Before sowing
Soybean,Gujarat,Silty,6.47,139.51,41.75,119.72,1.21,38.71,892.96,32.82,6,Compost,95.83,Before sowing
Sugarcane,Andhra Pradesh,Loamy,5.91,148.07,41.82,113.91,1.02,24.61,1194.6,32.3,5,DAP,190.16,Mid growth
Wheat,Gujarat,Loamy,6.24,151.51,44.7,103.02,1.06,37.78,671.97,26.37,4,Compost,129.8,Before sowing
Soybean,Andhra Pradesh,Sandy,6.21,123.23,42.18,138.76,1.33,25.11,537.43,29.23,7,Potash,94.87,After sowing
Potato,Andhra Pradesh,Clay,6.29,163.44,43.68,151.32,1.5,20.47,791.27,22.97,18,Mixed,80.13,After sowing
Groundnut,Gujarat,Silty,7.23,159.44,37.38,112.84,1.52,30.13,619.94,32.25,20,Compost,174.64,Before sowing
Rice,Karnataka,Silty,7.15,172.13,35.17,128.75,1.09,35.42,1472.3,27.98,13,Mixed,154.36,After sowing
Groundnut,Karnataka,Loamy,6.76,135.4,39.44,122.35,1.3,35.98,780.03,28.47,8,Urea,182.28,Pre-harvest
Tomato,Tamil Nadu,Clay,6.17,187.59,49.33,144.8,1.47,38.67,786.77,24.63,13,Urea,176.07,Before sowing
Tomato,Andhra Pradesh,Loamy,6.57,156.94,43.0,112.93,1.36,39.89,806.24,20.72,14,Potash,111.19,Before sowing
Potato,Gujarat,Loamy,6.24,161.85,41.39,115.69,1.6,35.64,743.68,21.79,8,Compost,94.76,Mid growth
Rice,Gujarat,Peaty,7.17,179.76,41.13,157.45,1.22,30.51,1306.49,25.61,9,Potash,80.31,Pre-harvest
Potato,Karnataka,Peaty,6.37,169.47,45.06,111.11,1.54,28.22,799.8,23.96,6,Compost,109.39,Mid growth
Wheat,Tamil Nadu,Peaty,6.41,103.89,41.99,122.2,1.35,23.84,727.28,20.71,13,Urea,102.13,Before sowing
Potato,Andhra Pradesh,Clay,6.11,156.44,63.98,119.87,1.38,25.1,717.85,27.71,19,DAP,148.89,Before sowing
Groundnut,Andhra Pradesh,Loamy,5.9,160.81,40.6,124.29,1.32,28.05,896.2,31.27,18,Mixed,100.16,Mid growth
Rice,Tamil Nadu,Peaty,5.98,131.8,52.43,159.81,1.13,32.76,1015.71,31.83,10,Potash,151.31,Before sowing
Potato,Tamil Nadu,Sandy,6.79,157.03,36.52,133.11,1.22,28.8,988.21,18.12,18,Potash,101.98,Mid growth
Soybean,Andhra Pradesh,Silty,7.33,144.55,42.54,95.41,1.2,32.47,507.52,32.44,7,Potash,198.81,Before sowing
Maize,Andhra Pradesh,Clay,7.3,132.62,41.4,120.33,0.82,29.45,646.35,24.41,9,Mixed,99.04,Before sowing
Millet,Maharashtra,Peaty,6.55,137.73,43.05,80.08,0.85,25.69,680.71,21.74,17,Potash,160.71,Mid growth
Sugarcane,Gujarat,Sandy,5.84,137.31,51.81,113.39,1.48,32.11,1229.38,25.58,18,DAP,174.93,Pre-harvest
Millet,Gujarat,Silty,6.98,154.98,27.4,83.7,1.1,22.39,733.72,26.19,20,DAP,84.04,Mid growth
Maize,Karnataka,Sandy,5.88,127.49,49.21,119.48,1.03,37.29,705.0,21.15,4,Potash,192.48,Before sowing
Tomato,Maharashtra,Sandy,7.48,131.61,63.93,132.67,1.74,27.32,614.08,27.27,10,Compost,127.52,Mid growth
Soybean,Gujarat,Sandy,7.31,154.45,45.06,108.82,1.13,22.84,626.57,28.63,11,Urea,120.01,Pre-harvest
Groundnut,Karnataka,Clay,6.46,132.1,46.83,126.64,1.56,23.26,834.47,30.93,9,Compost,121.2,Pre-harvest
Wheat,Gujarat,Sandy,6.83,138.92,27.14,137.83,1.34,22.79,700.75,22.23,7,DAP,117.42,Mid growth
Maize,Tamil Nadu,Peaty,6.55,120.09,32.44,82.87,1.14,25.11,621.35,26.53,19,Potash,94.0,Pre-harvest
Potato,Tamil Nadu,Peaty,6.47,180.87,62.1,135.38,1.71,29.03,940.23,27.49,14,Compost,99.94,Before sowing
Sugarcane,Gujarat,Peaty,6.26,147.27,47.73,104.98,1.43,28.92,1055.3,28.34,5,Compost,191.23,Before sowing
Soybean,Andhra Pradesh,Clay,7.07,122.53,49.25,142.43,1.14,28.07,786.16,31.83,15,Potash,155.06,Pre-harvest
Millet,Gujarat,Sandy,6.77,144.29,43.46,90.94,1.27,36.97,771.38,21.64,17,Potash,89.1,Pre-harvest
Rice,Karnataka,Silty,6.72,146.74,49.29,134.77,1.52,31.78,1010.89,31.15,4,Compost,106.12,Before sowing
Tomato,Gujarat,Peaty,7.48,134.96,50.76,127.48,1.2,21.14,765.52,25.74,19,Urea,101.39,Before sowing
Groundnut,Andhra Pradesh,Loamy,6.83,121.18,52.34,129.05,1.58,38.21,778.68,29.66,18,Compost,162.33,Pre-harvest
Soybean,Andhra Pradesh,Clay,6.97,121.57,44.39,108.14,1.52,27.75,587.89,27.58,5,Compost,104.43,After sowing
Sugarcane,Gujarat,Clay,6.97,170.64,58.95,114.72,1.32,26.32,1446.13,34.55,6,Potash,122.35,Before sowing
Potato,Tamil Nadu,Loamy,6.28,181.03,58.83,139.69,1.77,21.53,759.55,23.88,15,Compost,88.22,Mid growth
Maize,Andhra Pradesh,Sandy,7.21,143.04,38.31,119.92,0.91,30.29,448.6,24.02,16,DAP,83.39,Mid growth
Soybean,Karnataka,Clay,6.72,115.34,35.03,128.12,1.17,30.69,809.57,29.53,16,Urea,104.7,Mid growth
Tomato,Karnataka,Clay,7.11,151.54,46.16,141.92,1.29,34.8,949.48,23.26,19,DAP,185.71,Mid growth
Soybean,Andhra Pradesh,Silty,6.72,127.71,54.98,142.69,1.12,31.49,771.53,28.09,8,Compost,93.37,Before sowing
Cotton,Tamil Nadu,Loamy,7.17,151.49,52.73,121.37,1.19,39.87,871.98,26.96,10,Compost,154.85,Pre-harvest
Potato,Karnataka,Loamy,7.21,149.09,61.71,148.67,1.52,30.98,850.05,19.29,11,Compost,113.27,Before sowing
Potato,Gujarat,Loamy,5.94,146.31,63.71,127.89,1.36,36.56,667.66,25.6,6,Urea,136.64,Before sowing
Sugarcane,Tamil Nadu,Peaty,6.08,170.05,59.63,151.11,1.19,24.43,1269.56,25.89,18,Compost,115.99,After sowing
Cotton,Tamil Nadu,Sandy,6.55,118.8,33.51,136.34,1.07,30.25,674.39,26.22,10,Urea,180.06,Before sowing
Soybean,Gujarat,Peaty,6.57,134.43,50.52,114.8,1.05,23.92,739.64,25.77,13,DAP,180.03,After sowing
Tomato,Andhra Pradesh,Loamy,6.83,150.52,52.47,124.21,1.32,27.04,775.8,22.02,5,Compost,186.99,Mid growth
Sugarcane,Tamil Nadu,Peaty,6.16,155.13,35.49,130.86,1.44,35.39,1109.17,25.34,15,Potash,87.94,After sowing
Rice,Tamil Nadu,Loamy,6.95,122.58,53.18,112.36,1.43,32.94,864.0,25.75,4,DAP,100.69,Pre-harvest
Millet,Tamil Nadu,Sandy,5.95,113.59,33.76,114.74,1.14,30.47,590.67,27.16,16,Urea,86.08,After sowing
Wheat,Gujarat,Sandy,7.42,155.13,36.68,88.8,1.15,31.15,480.31,25.17,4,Potash,174.81,After sowing
Sugarcane,Maharashtra,Loamy,7.31,135.65,36.1,139.88,1.45,30.81,1394.3,32.82,9,DAP,193.6,Before sowing
Millet,Karnataka,Clay,6.64,112.49,49.51,100.19,0.81,21.3,716.7,22.08,16,Urea,99.59,Before sowing
Cotton,Karnataka,Clay,5.82,129.9,50.18,90.17,1.02,26.36,605.9,32.0,15,Potash,106.79,Pre-harvest
Potato,Gujarat,Peaty,6.11,147.33,57.48,114.38,1.36,22.51,771.94,19.26,20,Compost,85.06,After sowing
Rice,Karnataka,Silty,6.4,128.78,59.66,155.69,1.22,30.3,1426.65,26.82,20,Mixed,112.08,Before sowing
Sugarcane,Tamil Nadu,Peaty,7.27,170.66,45.14,148.23,1.6,28.07,1001.84,32.63,11,Compost,91.12,After sowing
Soybean,Maharashtra,Clay,5.92,163.4,33.54,127.04,1.29,37.1,605.7,27.94,11,Mixed,87.39,Pre-harvest
Tomato,Maharashtra,Clay,6.94,130.51,46.49,142.73,1.23,25.97,692.89,25.18,9,Compost,176.32,Mid growth
Millet,Andhra Pradesh,Silty,6.43,109.94,36.82,84.59,1.49,34.02,467.1,22.31,9,Urea,131.08,Before sowing
Rice,Maharashtra,Sandy,6.18,142.61,49.84,159.12,1.63,22.3,872.75,32.76,16,Compost,85.62,Pre-harvest
Sugarcane,Karnataka,Loamy,5.94,156.63,42.12,121.77,1.77,34.19,1316.74,26.12,7,Compost,102.63,Before sowing
Cotton,Karnataka,Clay,7.36,146.73,37.64,112.07,1.37,26.03,740.04,25.24,10,Urea,101.98,After sowing
Sugarcane,Andhra Pradesh,Peaty,6.27,139.8,47.34,106.49,1.58,23.84,862.94,27.08,12,Compost,184.36,Before sowing
Maize,Maharashtra,Sandy,7.34,101.18,38.85,124.03,1.34,35.6,788.29,20.79,10,Urea,96.2,Mid growth
Tomato,Tamil Nadu,Loamy,7.39,137.4,59.26,118.68,1.61,20.52,926.41,26.4,14,Compost,150.77,After sowing
Wheat,Tamil Nadu,Clay,7.13,147.64,28.02,86.11,0.95,25.34,734.66,26.26,6,DAP,177.19,Pre-harvest
Millet,Gujarat,Clay,7.21,113.09,49.25,86.56,0.84,29.26,548.45,25.49,16,Urea,82.9,Mid growth
Maize,Gujarat,Sandy,6.47,131.54,44.05,134.99,0.87,34.3,733.44,24.88,7,Potash,169.36,Pre-harvest
Maize,Karnataka,Clay,6.06,132.52,31.55,87.59,0.88,36.52,575.02,25.02,20,Potash,91.22,Pre-harvest
Wheat,Maharashtra,Silty,7.28,152.27,49.19,133.71,1.24,31.36,607.27,20.9,17,DAP,170.11,Before sowing
Rice,Andhra Pradesh,Sandy,7.16,166.47,48.58,117.64,1.04,30.52,960.0,25.09,10,Urea,148.0,Pre-harvest
Rice,Andhra Pradesh,Sandy,6.45,135.97,42.09,118.08,1.22,26.97,1428.21,30.19,6,Compost,128.08,Before sowing
Potato,Tamil Nadu,Peaty,6.53,130.41,45.35,155.87,1.33,36.04,947.06,23.93,15,Urea,94.26,Before sowing
Cotton,Gujarat,Clay,6.56,138.29,54.77,141.59,1.22,30.56,558.63,30.36,17,Urea,192.05,Before sowing
Cotton,Gujarat,Peaty,6.33,119.06,50.91,121.22,1.42,38.3,772.38,31.09,7,Urea,156.52,Before sowing
Sugarcane,Maharashtra,Sandy,6.98,132.37,42.45,100.65,1.13,31.33,1351.85,29.96,16,Compost,129.08,Pre-harvest
Tomato,Gujarat,Loamy,7.41,137.28,39.03,133.19,1.57,31.01,768.58,27.04,8,Compost,159.58,Pre-harvest
Sugarcane,Maharashtra,Clay,6.88,158.81,32.47,140.46,1.01,22.77,1140.31,34.15,6,Mixed,142.4,After sowing
Millet,Karnataka,Sandy,7.23,103.32,38.43,84.93,1.26,29.99,784.3,29.19,17,Urea,117.26,Mid growth
Wheat,Karnataka,Clay,6.13,133.22,40.97,117.69,0.9,37.85,503.81,20.91,17,DAP,122.64,Pre-harvest
Wheat,Maharashtra,Sandy,7.42,125.53,33.74,126.33,1.38,26.74,750.97,29.04,5,Urea,160.56,After sowing
Tomato,Andhra Pradesh,Sandy,6.37,173.32,37.83,148.02,1.74,33.97,676.95,19.89,9,Compost,128.22,Pre-harvest
Cotton,Karnataka,Peaty,7.3,136.86,31.88,132.39,1.01,39.09,618.06,30.27,19,Urea,173.9,Before sowing
Rice,Gujarat,Clay,6.19,140.22,31.61,113.86,1.55,38.7,1077.82,33.11,9,Compost,197.68,Pre-harvest
Soybean,Andhra Pradesh,Loamy,7.16,114.61,49.19,102.91,1.14,37.31,613.01,28.93,17,Urea,120.61,Pre-harvest
Sugarcane,Andhra Pradesh,Loamy,6.92,165.26,44.24,128.44,1.17,22.65,956.48,33.99,20,DAP,109.29,Mid growth
Tomato,Maharashtra,Loamy,6.06,177.94,62.26,146.56,1.32,37.52,974.52,22.81,18,Potash,182.97,Before sowing
Millet,Tamil Nadu,Loamy,6.46,102.66,47.78,127.46,1.27,22.36,521.08,21.21,8,Urea,88.0,Before sowing
Potato,Maharashtra,Peaty,5.88,154.43,56.23,111.09,1.3,21.41,682.92,25.34,4,Potash,197.31,After sowing
Rice,Andhra Pradesh,Sandy,5.84,173.42,33.98,138.44,1.77,38.77,1302.48,34.02,10,Compost,144.76,After sowing
Tomato,Andhra Pradesh,Peaty,6.42,158.92,45.29,152.74,1.72,28.74,847.12,24.02,18,Compost,188.57,After sowing
Tomato,Tamil Nadu,Peaty,6.03,164.15,37.1,155.58,1.27,39.76,931.23,22.52,19,Mixed,106.6,After sowing
Rice,Maharashtra,Sandy,6.91,154.4,36.12,121.76,1.4,32.83,1303.33,31.18,9,Compost,125.66,Before sowing
Millet,Gujarat,Silty,6.07,107.6,38.52,126.15,1.29,35.64,640.02,24.04,6,Urea,183.3,After sowing
Wheat,Karnataka,Silty,6.5,140.97,34.26,96.25,0.99,37.5,454.63,20.62,12,Potash,173.36,After sowing
Cotton,Andhra Pradesh,Silty,6.67,116.14,48.9,135.37,1.51,22.81,526.03,28.2,17,Urea,103.38,Mid growth
Potato,Andhra Pradesh,Sandy,6.64,182.2,64.93,110.55,1.45,29.33,896.96,18.28,8,Mixed,124.58,After sowing
Soybean,Karnataka,Sandy,7.44,161.19,37.38,111.85,1.4,32.76,642.76,27.18,15,Potash,196.91,Before sowing
Cotton,Gujarat,Silty,6.43,166.47,30.57,142.39,1.32,20.98,628.84,30.27,13,Mixed,122.46,Mid growth
Maize,Andhra Pradesh,Sandy,7.06,147.59,37.41,130.22,0.81,21.5,539.09,22.92,5,Urea,94.83,Pre-harvest
Cotton,Karnataka,Loamy,6.37,166.51,51.68,90.75,1.6,34.51,880.08,30.37,20,Potash,82.61,Pre-harvest
Millet,Maharashtra,Loamy,6.06,125.28,47.06,88.71,0.83,27.08,718.46,28.98,18,Potash,165.75,Before sowing
Soybean,Maharashtra,Loamy,7.21,122.59,52.74,148.92,1.47,37.15,609.52,32.68,15,DAP,123.92,Mid growth
Cotton,Karnataka,Clay,5.94,166.6,47.42,137.65,1.13,29.07,804.57,26.04,15,Compost,114.3,After sowing
Rice,Tamil Nadu,Peaty,7.37,163.34,35.22,156.19,1.77,21.85,926.83,25.56,20,Compost,111.24,After sowing
Groundnut,Tamil Nadu,Peaty,7.22,162.19,45.73,128.55,1.55,21.97,693.94,30.39,12,Compost,170.28,Pre-harvest
Potato,Maharashtra,Peaty,6.91,184.67,55.88,130.43,1.54,32.46,729.86,24.28,11,Compost,123.17,Mid growth
Millet,Gujarat,Clay,7.08,126.46,35.93,114.76,0.94,28.37,762.17,23.68,16,Potash,100.09,After sowing
Cotton,Karnataka,Peaty,6.75,161.78,54.07,132.23,1.15,30.76,586.52,30.82,4,Urea,127.86,Mid growth
Rice,Maharashtra,Sandy,6.98,123.64,47.13,116.85,1.26,33.25,931.54,28.37,5,DAP,125.27,After sowing
Wheat,Karnataka,Loamy,6.02,114.31,28.8,128.89,1.2,33.46,477.47,26.51,12,Urea,89.6,After sowing
Rice,Andhra Pradesh,Peaty,5.87,168.83,49.74,112.15,1.48,22.88,895.53,34.31,18,DAP,133.26,Mid growth
Rice,Maharashtra,Loamy,5.82,120.52,41.94,154.79,1.24,20.68,914.9,28.2,6,DAP,146.86,After sowing
Rice,Tamil Nadu,Clay,6.33,168.17,35.18,130.77,1.63,31.77,1199.06,29.99,18,Compost,146.55,Mid growth
Rice,Maharashtra,Loamy,6.76,120.89,32.14,155.95,1.21,22.26,1381.52,29.02,16,DAP,153.76,Before sowing
Tomato,Tamil Nadu,Clay,6.36,152.54,61.47,153.95,1.43,23.77,681.27,27.75,6,Compost,126.76,Before sowing
Maize,Karnataka,Silty,6.47,147.0,46.72,131.8,0.95,34.47,413.64,24.77,9,Compost,155.16,Before sowing
Rice,Andhra Pradesh,Clay,5.98,155.32,30.45,123.78,1.23,31.15,829.82,34.61,16,Potash,147.46,Pre-harvest
Millet,Andhra Pradesh,Clay,6.89,107.81,34.63,87.33,1.29,26.79,723.24,27.4,17,Urea,185.84,After sowing
Maize,Tamil Nadu,Peaty,6.96,103.55,46.59,102.17,1.18,25.25,535.6,24.07,7,Urea,129.93,Before sowing
Maize,Karnataka,Clay,6.03,130.91,39.24,133.47,0.88,31.2,542.69,29.29,11,Mixed,80.62,Mid growth
Potato,Andhra Pradesh,Peaty,7.02,134.59,37.5,159.14,1.49,28.73,868.52,19.53,10,Compost,165.65,Pre-harvest
Rice,Gujarat,Clay,5.91,123.52,36.49,144.18,1.2,25.61,1046.03,25.25,6,Mixed,176.38,Mid growth
Tomato,Tamil Nadu,Silty,6.64,151.24,55.71,144.95,1.59,31.59,772.2,27.96,6,Compost,175.0,After sowing
Maize,Andhra Pradesh,Peaty,6.07,142.27,35.22,132.33,1.38,30.66,778.04,26.35,11,Mixed,116.06,After sowing
Rice,Andhra Pradesh,Peaty,6.26,126.01,54.44,146.54,1.12,33.16,828.99,32.18,9,Compost,186.4,Mid growth
Maize,Tamil Nadu,Silty,6.39,144.42,27.99,104.9,1.46,38.9,682.34,27.8,9,DAP,83.52,Pre-harvest
Cotton,Maharashtra,Sandy,7.02,144.96,47.25,98.12,1.43,22.09,618.72,25.83,6,Potash,87.91,Before sowing
Rice,Gujarat,Silty,6.77,130.22,52.1,155.53,1.39,34.27,1097.72,30.85,7,Compost,114.81,Before sowing
Groundnut,Andhra Pradesh,Silty,6.31,112.14,44.6,129.79,1.2,24.71,505.43,30.96,14,Urea,111.99,After sowing
Rice,Tamil Nadu,Peaty,7.29,136.8,31.35,114.57,1.3,27.99,1155.21,33.0,16,DAP,83.27,After sowing
Maize,Maharashtra,Silty,6.57,138.79,46.96,130.51,1.47,21.74,546.95,28.24,17,Compost,197.84,After sowing
Soybean,Maharashtra,Peaty,7.21,158.08,31.36,112.97,1.24,23.04,525.04,24.18,14,Mixed,192.28,After sowing
Rice,Maharashtra,Loamy,7.14,151.63,54.48,145.22,1.03,29.59,819.96,29.19,10,Potash,93.58,Pre-harvest
Millet,Tamil Nadu,Clay,5.95,116.97,25.01,82.3,1.36,26.83,672.28,23.27,16,Urea,134.42,After sowing
Maize,Tamil Nadu,Sandy,6.85,120.95,46.32,117.29,1.28,28.98,640.89,23.28,6,Compost,186.54,Before sowing
Wheat,Tamil Nadu,Silty,7.13,143.1,46.3,122.59,1.48,20.62,597.22,27.09,15,DAP,127.1,Pre-harvest
Potato,Tamil Nadu,Sandy,6.39,158.49,44.62,110.41,1.24,21.54,674.03,20.57,12,Potash,129.63,After sowing
Potato,Andhra Pradesh,Sandy,6.49,164.97,52.44,144.16,1.65,21.87,979.49,18.95,9,Compost,92.42,Pre-harvest
Potato,Tamil Nadu,Peaty,6.34,180.04,50.91,153.02,1.26,24.72,901.23,22.37,11,Mixed,115.86,After sowing
Wheat,Maharashtra,Peaty,6.13,132.09,47.23,96.09,1.46,39.06,653.13,27.23,7,Potash,102.9,After sowing
Cotton,Karnataka,Sandy,7.19,112.25,50.24,141.01,1.21,34.82,603.07,32.84,17,Urea,153.26,After sowing
Soybean,Maharashtra,Sandy,6.84,155.63,50.9,91.5,1.5,32.57,766.45,29.07,10,Potash,134.59,Before sowing
Soybean,Karnataka,Sandy,5.83,123.0,43.5,120.65,1.05,38.8,667.76,31.82,19,Potash,135.64,Pre-harvest
Tomato,Karnataka,Sandy,6.84,184.15,41.58,157.74,1.47,34.55,678.13,19.47,12,Compost,134.07,After sowing
Rice,Karnataka,Peaty,7.28,148.78,43.03,120.23,1.44,30.59,826.58,32.54,4,Mixed,153.51,Before sowing
Millet,Gujarat,Loamy,7.3,113.77,29.9,129.4,1.38,37.65,620.47,25.55,11,Urea,138.16,Mid growth
Wheat,Andhra Pradesh,Loamy,6.98,112.56,30.36,89.04,1.14,35.21,647.81,20.45,9,Urea,93.1,Before sowing
Sugarcane,Andhra Pradesh,Peaty,6.14,162.72,38.94,150.99,1.52,37.26,1308.07,31.93,14,Compost,126.39,Pre-harvest
Sugarcane,Andhra Pradesh,Peaty,5.82,123.93,46.47,153.71,1.12,20.13,823.01,34.88,16,DAP,134.01,Pre-harvest
Tomato,Gujarat,Silty,6.3,136.72,47.37,128.63,1.21,26.4,767.42,25.26,7,Mixed,98.32,After sowing
Millet,Karnataka,Sandy,7.06,126.05,47.16,106.69,1.26,38.09,601.19,22.63,13,Compost,126.12,Before sowing
Rice,Gujarat,Loamy,7.4,171.13,55.92,159.55,1.36,25.4,1331.6,29.1,9,Compost,182.92,After sowing
Soybean,Gujarat,Sandy,7.3,118.08,43.38,101.37,1.49,31.84,549.98,25.45,10,Urea,163.68,Pre-harvest
Cotton,Maharashtra,Peaty,7.32,157.61,46.54,91.26,1.59,32.96,853.89,32.56,14,Potash,143.13,Pre-harvest
Soybean,Gujarat,Loamy,6.74,149.44,40.02,115.42,1.55,30.83,878.5,29.49,16,Compost,141.13,Pre-harvest
Potato,Gujarat,Peaty,6.17,159.04,52.7,144.56,1.4,32.58,728.67,27.84,20,Compost,165.95,Mid growth
Potato,Andhra Pradesh,Clay,5.87,153.75,54.27,144.38,1.44,21.51,947.02,27.01,16,Urea,177.02,After sowing
Rice,Maharashtra,Silty,5.9,124.0,37.69,101.01,1.58,29.27,857.69,27.62,18,Compost,148.15,Pre-harvest
Groundnut,Andhra Pradesh,Peaty,7.36,148.43,46.12,101.13,1.29,22.59,793.79,24.64,4,Compost,155.29,After sowing
Sugarcane,Maharashtra,Peaty,7.24,163.4,51.79,106.93,1.28,28.96,1367.66,32.95,13,Compost,119.62,Before sowing
Wheat,Maharashtra,Peaty,6.98,130.15,27.54,111.38,1.25,30.19,596.14,22.93,4,DAP,119.78,Before sowing
Wheat,Maharashtra,Loamy,6.68,153.55,44.23,128.55,1.29,23.41,797.44,20.55,15,Potash,83.74,After sowing
Rice,Andhra Pradesh,Peaty,7.07,160.52,48.32,138.22,1.03,31.18,859.82,31.72,13,Mixed,133.45,Before sowing
Potato,Maharashtra,Peaty,6.27,137.44,61.79,136.19,1.48,25.7,737.33,19.58,14,Mixed,177.12,Pre-harvest
Groundnut,Karnataka,Peaty,6.3,143.0,52.92,137.26,1.26,21.63,604.18,28.2,9,Mixed,195.87,Mid growth
Tomato,Maharashtra,Silty,7.28,186.69,63.01,134.65,1.73,21.77,963.8,19.83,4,Compost,175.41,Mid growth
Rice,Gujarat,Peaty,7.34,174.01,31.65,122.67,1.72,25.03,1277.4,25.78,17,Compost,183.33,Before sowing
Potato,Karnataka,Sandy,5.9,148.63,57.44,114.87,1.56,37.2,718.73,25.11,10,Compost,115.27,Pre-harvest
Millet,Tamil Nadu,Silty,6.81,154.44,27.66,90.64,1.17,25.79,437.55,29.3,7,DAP,88.64,Before sowing
Maize,Karnataka,Loamy,6.98,107.49,41.42,101.84,1.24,36.03,776.34,22.37,4,Urea,118.1,Pre-harvest
Rice,Tamil Nadu,Clay,7.09,137.07,45.85,122.49,1.34,39.35,1384.46,26.91,17,Potash,83.02,After sowing
Groundnut,Karnataka,Clay,6.82,163.03,41.72,122.98,1.13,23.1,582.21,26.07,20,Urea,105.17,After sowing
Soybean,Maharashtra,Peaty,6.26,161.49,46.04,93.77,1.49,30.35,694.41,30.67,13,Potash,94.37,Before sowing
Wheat,Andhra Pradesh,Silty,6.9,142.13,44.72,113.93,1.33,27.17,725.18,26.87,9,Compost,131.63,After sowing
Wheat,Karnataka,Silty,5.94,145.99,42.22,82.3,1.34,39.54,610.74,21.23,16,Potash,86.93,Pre-harvest
Wheat,Andhra Pradesh,Loamy,7.4,128.26,48.32,130.74,1.07,29.57,764.96,23.84,11,DAP,195.7,After sowing
Soybean,Gujarat,Clay,5.92,169.27,40.55,148.03,1.16,36.15,718.5,31.65,8,Potash,153.45,Pre-harvest
Tomato,Gujarat,Silty,6.8,171.69,44.29,153.71,1.49,25.33,726.57,25.88,12,Urea,199.9,After sowing
Groundnut,Karnataka,Loamy,6.49,153.79,49.52,142.4,1.56,20.98,567.8,24.66,12,Compost,128.94,Pre-harvest
Sugarcane,Karnataka,Silty,7.21,123.94,47.75,130.73,1.26,35.51,1392.27,26.62,11,DAP,143.35,Mid growth
Sugarcane,Karnataka,Clay,6.81,177.91,31.8,117.96,1.16,35.52,1112.7,31.95,20,Mixed,195.89,After sowing
Millet,Tamil Nadu,Sandy,6.14,149.55,46.93,126.66,1.01,35.81,609.93,29.87,11,DAP,125.59,Pre-harvest
Soybean,Maharashtra,Silty,6.63,144.41,31.94,143.99,1.22,21.79,887.54,28.74,16,Potash,169.32,Pre-harvest
Rice,Andhra Pradesh,Clay,7.09,138.96,39.1,132.78,1.2,36.58,1202.35,28.12,13,Mixed,140.86,Before sowing
Groundnut,Gujarat,Silty,5.84,166.34,44.98,109.3,1.55,23.24,885.89,28.9,16,Compost,117.75,After sowing
Groundnut,Maharashtra,Clay,7.22,132.43,30.15,142.28,1.52,32.51,891.82,25.35,17,Compost,106.25,Before sowing
Sugarcane,Maharashtra,Loamy,7.1,145.77,46.13,124.39,1.04,29.15,1150.07,33.68,4,DAP,120.21,After sowing
Cotton,Andhra Pradesh,Silty,6.42,142.51,32.6,114.51,1.17,35.51,742.65,32.71,11,Urea,92.93,Pre-harvest
Groundnut,Karnataka,Clay,6.52,162.38,52.82,104.38,1.42,37.89,554.67,31.0,5,Compost,139.35,Mid growth
Rice,Karnataka,Peaty,7.39,127.55,39.44,136.18,1.5,20.7,934.82,31.28,8,Potash,129.93,After sowing
Groundnut,Andhra Pradesh,Loamy,6.04,114.58,53.78,100.18,1.2,26.63,847.71,31.51,5,Urea,118.49,Pre-harvest
Wheat,Maharashtra,Sandy,6.71,116.28,47.36,134.01,1.19,22.21,730.38,26.83,20,Urea,105.17,Before sowing
Millet,Maharashtra,Silty,6.16,138.87,31.05,89.02,1.28,33.89,771.06,29.71,18,Potash,131.94,After sowing
Wheat,Karnataka,Sandy,7.45,106.02,25.48,131.87,1.21,21.25,515.24,22.42,13,Urea,109.1,After sowing
Wheat,Gujarat,Clay,7.38,149.13,38.54,109.36,1.19,35.74,445.4,29.66,7,Mixed,189.75,After sowing
Cotton,Maharashtra,Peaty,7.35,154.54,37.77,109.85,1.05,26.96,763.95,29.57,18,Potash,170.42,Pre-harvest
Wheat,Karnataka,Sandy,6.35,153.82,35.33,99.47,1.27,36.64,415.31,27.54,17,Potash,94.42,Pre-harvest
Potato,Maharashtra,Loamy,6.93,131.17,47.74,135.37,1.62,27.68,657.82,23.11,10,Compost,169.49,Mid growth
Millet,Andhra Pradesh,Clay,6.12,128.43,44.66,111.06,1.25,32.57,750.31,22.59,15,Urea,154.99,Before sowing
Maize,Karnataka,Silty,6.5,141.69,25.53,128.9,0.84,25.29,706.74,29.16,18,DAP,104.48,After sowing
Potato,Maharashtra,Silty,7.42,141.25,44.06,141.97,1.61,25.12,910.12,20.9,14,Compost,179.67,Pre-harvest
Millet,Andhra Pradesh,Sandy,7.48,142.76,47.54,94.82,0.85,23.48,516.2,27.16,12,Potash,157.02,After sowing
Groundnut,Gujarat,Sandy,6.49,158.18,36.03,96.9,1.25,34.17,518.35,32.64,6,Potash,104.23,Pre-harvest
Wheat,Karnataka,Sandy,6.32,156.89,49.99,109.26,0.99,33.76,533.04,29.32,20,Potash,129.25,Before sowing
Soybean,Gujarat,Sandy,6.52,119.62,43.48,135.05,1.35,34.35,714.99,26.3,13,Urea,94.25,Before sowing
Tomato,Gujarat,Sandy,7.46,134.67,61.37,114.84,1.26,35.73,972.59,26.8,13,Mixed,114.66,Before sowing
Potato,Tamil Nadu,Peaty,5.95,142.31,58.5,132.13,1.77,37.88,881.04,24.07,10,Compost,97.85,Mid growth
Sugarcane,Maharashtra,Loamy,7.01,146.3,31.93,109.02,1.5,28.25,1423.77,27.63,20,Compost,156.22,Before sowing
Cotton,Karnataka,Peaty,7.04,169.33,35.04,142.92,1.41,28.02,858.64,25.52,10,DAP,136.03,Pre-harvest
Cotton,Andhra Pradesh,Silty,7.48,140.2,31.92,102.96,1.43,39.02,675.66,31.99,6,Potash,119.32,After sowing
Cotton,Maharashtra,Loamy,6.06,138.99,46.23,121.4,1.21,36.42,795.82,31.82,13,Mixed,137.43,Before sowing
Maize,Andhra Pradesh,Sandy,6.0,123.84,30.67,122.59,1.07,36.84,415.8,27.38,8,Potash,127.81,Before sowing
Maize,Karnataka,Loamy,6.89,111.1,41.59,90.55,1.26,20.5,789.67,24.88,15,Urea,188.17,After sowing
Sugarcane,Karnataka,Clay,5.95,138.0,34.88,121.25,1.36,20.16,1191.2,32.49,9,DAP,172.59,Pre-harvest
Tomato,Andhra Pradesh,Sandy,6.35,177.28,53.93,124.4,1.29,20.72,777.85,21.18,6,Mixed,91.07,Before sowing
Groundnut,Tamil Nadu,Silty,7.22,120.18,35.01,120.35,1.24,25.89,613.5,31.28,13,DAP,126.47,After sowing
Groundnut,Andhra Pradesh,Loamy,6.05,158.75,43.24,108.93,1.53,32.73,701.14,28.37,7,Compost,183.14,Mid growth
Maize,Maharashtra,Peaty,6.56,122.22,26.26,119.7,1.05,37.8,500.72,25.37,17,DAP,84.48,Mid growth
Sugarcane,Andhra Pradesh,Silty,6.77,122.13,35.97,117.3,1.08,34.16,939.07,32.62,16,Potash,84.51,Pre-harvest
Cotton,Andhra Pradesh,Loamy,6.83,155.26,46.89,105.81,1.45,29.97,665.23,29.02,16,Urea,165.33,After sowing
Soybean,Tamil Nadu,Silty,6.31,120.35,30.58,140.62,1.54,20.72,685.72,25.32,7,Compost,85.2,Pre-harvest
Sugarcane,Maharashtra,Silty,6.56,142.64,47.8,109.55,1.32,24.24,1245.75,31.57,6,Urea,163.88,Pre-harvest
Wheat,Maharashtra,Sandy,6.5,145.93,39.99,89.74,0.84,23.41,639.23,21.14,7,Potash,160.24,Pre-harvest
Sugarcane,Maharashtra,Silty,7.2,152.81,35.6,146.65,1.4,24.11,921.38,26.05,4,Mixed,100.34,Mid growth
Cotton,Tamil Nadu,Loamy,7.12,150.22,43.26,91.6,1.21,26.16,777.51,32.1,14,Potash,142.81,Before sowing
Groundnut,Andhra Pradesh,Sandy,6.41,156.04,34.59,105.93,1.45,37.22,521.15,24.06,5,Compost,105.42,After sowing
Wheat,Maharashtra,Loamy,6.26,137.14,35.37,137.78,1.46,36.9,582.87,21.65,16,Potash,119.41,Before sowing
Millet,Gujarat,Loamy,7.22,125.87,42.73,93.61,1.24,39.07,755.88,29.81,9,Potash,165.33,Before sowing
Potato,Tamil Nadu,Sandy,6.35,169.72,55.21,115.73,1.75,31.12,984.44,26.7,11,Compost,106.51,Pre-harvest
Cotton,Maharashtra,Clay,6.01,118.99,48.58,128.23,1.12,28.72,673.83,31.55,13,Urea,194.65,Pre-harvest
Potato,Andhra Pradesh,Loamy,6.68,186.91,57.89,146.26,1.65,39.15,925.66,23.21,4,Compost,104.05,Mid growth
Maize,Gujarat,Clay,7.42,104.13,40.08,106.83,1.15,37.9,523.79,25.54,16,Urea,195.3,Mid growth
Maize,Maharashtra,Silty,6.75,123.25,28.77,119.34,1.04,24.59,552.99,23.28,5,DAP,161.93,Before sowing
Soybean,Maharashtra,Silty,6.55,160.65,49.66,91.07,1.55,20.34,647.36,32.02,8,Potash,133.23,Pre-harvest
Cotton,Maharashtra,Silty,6.75,165.23,48.3,118.58,1.24,26.92,735.15,28.89,6,Compost,130.22,After sowing
Millet,Tamil Nadu,Silty,6.65,137.57,32.13,105.88,0.98,30.85,707.04,26.59,19,Potash,183.1,Pre-harvest
Maize,Karnataka,Loamy,6.61,139.84,33.76,119.79,1.32,25.14,557.41,27.38,16,Compost,82.66,Pre-harvest
Millet,Tamil Nadu,Sandy,6.6,130.72,43.41,105.0,1.39,33.08,618.86,28.0,9,Urea,188.03,Mid growth
Cotton,Karnataka,Sandy,6.5,116.49,51.25,100.11,1.27,29.51,667.94,30.48,7,Urea,198.31,After sowing
Maize,Andhra Pradesh,Sandy,7.33,125.94,33.68,132.65,1.39,23.79,654.68,29.79,12,Potash,154.14,After sowing
Tomato,Andhra Pradesh,Clay,6.22,131.77,63.77,112.85,1.73,34.46,607.76,26.53,14,Compost,119.68,Pre-harvest
Potato,Andhra Pradesh,Peaty,6.38,132.99,54.53,143.37,1.29,20.03,844.3,24.66,13,Mixed,184.3,Mid growth
Tomato,Gujarat,Silty,6.6,136.89,62.53,143.45,1.24,39.99,763.19,26.27,10,Compost,197.38,Pre-harvest
Tomato,Andhra Pradesh,Clay,6.27,160.23,56.36,131.4,1.39,31.04,643.31,24.15,12,DAP,180.53,After sowing
Maize,Tamil Nadu,Loamy,6.87,122.73,39.09,84.23,0.85,32.67,664.1,21.17,19,Potash,155.33,Pre-harvest
Sugarcane,Tamil Nadu,Loamy,7.1,147.24,57.04,104.49,1.62,27.0,813.88,34.83,9,Compost,197.8,After sowing
Cotton,Andhra Pradesh,Silty,6.71,143.16,31.42,146.15,1.39,36.03,642.39,26.93,18,Mixed,146.97,Pre-harvest
Sugarcane,Karnataka,Clay,6.32,175.41,53.51,101.36,1.01,25.96,1125.58,29.12,11,Potash,196.32,Mid growth
Groundnut,Gujarat,Loamy,6.32,156.94,35.2,133.96,1.05,39.5,780.61,31.76,20,Mixed,183.09,Pre-harvest
Cotton,Tamil Nadu,Loamy,6.96,162.05,38.76,91.49,1.1,31.32,728.11,32.75,15,Potash,109.48,After sowing
Sugarcane,Gujarat,Peaty,6.32,144.31,31.46,157.65,1.12,28.97,1197.86,35.0,7,Compost,81.27,Before sowing
Tomato,Andhra Pradesh,Clay,6.09,162.83,49.1,129.41,1.26,20.37,922.69,18.55,13,Compost,151.48,After sowing
Sugarcane,Maharashtra,Silty,6.43,169.9,41.64,143.36,1.34,27.16,982.37,26.46,17,Urea,105.22,Pre-harvest
Millet,Gujarat,Silty,7.35,134.09,32.98,139.04,1.04,32.44,405.87,25.7,5,Potash,133.27,Before sowing
Millet,Maharashtra,Sandy,6.41,135.22,40.22,93.06,1.15,34.97,654.26,22.54,14,Potash,105.99,After sowing
Wheat,Gujarat,Silty,6.38,151.41,35.19,122.58,0.89,24.93,692.64,26.64,4,Urea,143.09,Pre-harvest
Sugarcane,Karnataka,Silty,5.94,163.23,47.67,100.02,1.35,23.65,990.3,27.96,9,Urea,127.73,After sowing
Tomato,Karnataka,Clay,7.47,189.95,49.82,130.96,1.29,25.01,871.86,23.94,19,Compost,146.61,Before sowing
Tomato,Andhra Pradesh,Sandy,6.66,136.83,53.08,118.75,1.54,26.61,860.5,24.16,4,Compost,189.17,Pre-harvest
Rice,Tamil Nadu,Loamy,7.06,122.5,35.74,146.52,1.24,23.29,1137.07,28.87,20,Compost,175.01,Pre-harvest
Millet,Tamil Nadu,Peaty,6.44,159.65,30.35,115.66,1.47,20.57,591.16,27.96,9,DAP,154.86,Mid growth
Cotton,Maharashtra,Sandy,6.57,131.67,36.89,99.56,1.46,33.24,831.62,31.93,11,Potash,134.44,Before sowing
Tomato,Tamil Nadu,Peaty,6.17,153.45,53.96,116.58,1.46,39.37,704.2,23.72,14,Urea,152.44,Mid growth
Sugarcane,Tamil Nadu,Sandy,5.99,153.47,47.15,112.97,1.09,32.66,874.54,27.74,10,DAP,163.11,Before sowing
Tomato,Gujarat,Silty,6.01,136.99,44.27,131.43,1.59,26.35,609.37,26.2,13,Compost,191.34,Pre-harvest
Cotton,Tamil Nadu,Clay,6.46,142.2,48.98,112.91,1.48,24.98,697.2,26.27,8,Compost,165.83,Pre-harvest
Rice,Andhra Pradesh,Clay,7.46,140.87,51.9,124.49,1.13,30.89,888.02,34.15,19,Compost,148.96,Mid growth
Groundnut,Maharashtra,Loamy,7.2,152.2,40.17,108.69,1.37,22.43,672.24,28.83,7,Potash,154.94,Pre-harvest
Wheat,Maharashtra,Loamy,6.61,112.81,44.3,122.9,0.96,38.46,625.5,27.13,20,Urea,82.61,Pre-harvest
Groundnut,Gujarat,Loamy,6.48,119.68,54.58,139.38,1.33,23.71,810.84,24.5,17,Urea,117.88,Before sowing
Groundnut,Karnataka,Peaty,6.9,122.85,32.18,146.87,1.15,20.06,595.41,24.41,6,Potash,142.39,Mid growth
Sugarcane,Andhra Pradesh,Silty,7.4,166.49,36.56,159.52,1.74,39.07,1309.41,30.57,18,Compost,136.21,Pre-harvest
Sugarcane,Tamil Nadu,Silty,7.49,133.87,59.03,102.19,1.18,27.13,877.49,30.12,12,Urea,128.16,Mid growth
Potato,Maharashtra,Peaty,7.1,152.76,63.98,141.3,1.75,37.39,776.7,24.46,15,Compost,117.35,Before sowing
Soybean,Karnataka,Peaty,6.71,168.02,34.34,136.56,1.35,39.52,643.97,28.62,19,Potash,181.29,Mid growth
Potato,Andhra Pradesh,Peaty,7.46,139.37,46.21,120.78,1.43,32.23,624.41,22.51,9,Potash,109.66,Before sowing
Soybean,Karnataka,Peaty,6.25,146.62,38.45,143.62,1.03,36.24,886.04,26.65,18,DAP,123.59,Pre-harvest
Maize,Gujarat,Peaty,6.95,154.66,31.28,107.62,1.2,35.38,698.65,21.44,5,Compost,85.64,After sowing
Groundnut,Tamil Nadu,Peaty,6.93,130.84,37.29,106.73,1.16,33.77,657.95,28.79,16,Mixed,129.16,Pre-harvest
Millet,Andhra Pradesh,Sandy,6.58,157.16,47.29,130.78,0.84,21.68,558.69,20.59,19,Mixed,112.9,Mid growth
Millet,Gujarat,Loamy,7.48,133.22,43.83,130.62,1.34,31.38,778.25,28.35,16,Urea,145.49,After sowing
Soybean,Karnataka,Peaty,6.58,162.0,50.09,142.3,1.31,24.41,692.62,30.43,5,Compost,109.09,Pre-harvest
Millet,Andhra Pradesh,Sandy,6.86,137.02,33.53,125.7,1.22,32.82,436.69,29.11,13,Compost,136.02,Mid growth
Groundnut,Andhra Pradesh,Peaty,5.99,115.07,42.08,139.54,1.49,38.98,693.42,26.03,9,Urea,80.58,After sowing
Sugarcane,Gujarat,Peaty,5.9,178.48,32.99,126.35,1.56,20.65,1241.66,33.2,15,Compost,113.16,Pre-harvest
Sugarcane,Tamil Nadu,Silty,6.85,134.52,47.01,154.96,1.78,36.68,1295.16,32.02,16,Compost,150.77,Pre-harvest
Tomato,Karnataka,Clay,6.85,176.34,62.27,155.43,1.73,39.03,621.64,22.04,18,Compost,152.37,Mid growth
Cotton,Karnataka,Sandy,7.09,125.41,54.35,108.45,1.36,31.4,630.31,29.63,14,Potash,159.23,After sowing
Rice,Gujarat,Silty,6.14,122.66,59.08,159.23,1.74,37.16,1011.23,34.63,10,Compost,147.43,After sowing
Cotton,Andhra Pradesh,Sandy,6.64,155.91,51.51,97.87,1.22,26.1,724.27,25.5,11,Potash,169.81,Pre-harvest
Rice,Andhra Pradesh,Peaty,6.18,146.65,36.27,110.78,1.46,28.57,1150.42,29.33,8,Urea,158.1,After sowing
Rice,Maharashtra,Clay,6.21,122.29,43.98,134.03,1.44,33.56,1107.9,26.79,9,Compost,155.38,Mid growth
Maize,Tamil Nadu,Silty,5.88,152.01,29.74,116.08,1.12,22.45,531.82,21.59,19,DAP,162.05,Mid growth
Potato,Tamil Nadu,Loamy,7.3,163.51,63.11,131.05,1.58,20.5,999.71,21.17,11,Compost,130.56,After sowing
Potato,Gujarat,Loamy,6.19,130.14,63.79,140.4,1.33,22.31,987.88,23.89,12,Compost,157.2,Mid growth
Groundnut,Karnataka,Clay,7.02,161.41,54.41,129.54,1.32,21.48,791.1,28.4,18,Urea,177.56,Pre-harvest
Millet,Gujarat,Loamy,6.43,129.28,41.89,94.59,1.22,36.69,796.22,24.29,14,Potash,145.15,Mid growth
Rice,Karnataka,Sandy,5.84,120.31,37.16,138.01,1.19,36.5,1041.2,27.9,8,DAP,164.37,Before sowing
Sugarcane,Maharashtra,Sandy,7.15,133.61,42.64,117.83,1.33,25.71,1081.32,32.9,17,Urea,112.58,Mid growth
Potato,Gujarat,Peaty,7.06,130.58,56.77,155.8,1.42,34.74,717.94,21.91,5,Urea,141.58,After sowing
Soybean,Karnataka,Loamy,7.29,140.38,30.32,125.96,1.14,30.53,578.71,30.5,8,Potash,144.94,After sowing
Maize,Tamil Nadu,Peaty,7.21,125.77,36.34,125.84,1.18,34.06,485.18,22.47,11,Potash,98.69,Mid growth
Maize,Andhra Pradesh,Peaty,6.92,151.92,46.38,131.96,0.95,32.91,658.27,29.82,7,Urea,178.35,Pre-harvest
Rice,Tamil Nadu,Peaty,7.05,140.96,33.82,107.6,1.16,38.4,1102.46,31.96,5,DAP,150.44,Pre-harvest
Soybean,Maharashtra,Clay,7.32,161.86,31.66,110.72,1.38,29.67,766.47,29.23,8,Mixed,101.32,Pre-harvest
Sugarcane,Gujarat,Loamy,6.67,169.12,52.66,137.5,1.45,38.69,1021.51,27.74,14,Potash,165.39,Before sowing
Millet,Karnataka,Peaty,6.9,113.71,43.0,117.49,0.91,34.52,616.38,26.97,12,Urea,181.13,After sowing
Sugarcane,Tamil Nadu,Clay,6.03,159.83,46.54,156.91,1.01,34.1,1049.67,26.45,15,Compost,131.13,Mid growth
Tomato,Maharashtra,Clay,6.49,184.29,53.43,115.32,1.38,25.5,931.91,27.81,8,Compost,164.44,Mid growth
Potato,Maharashtra,Peaty,6.86,177.84,43.32,120.61,1.4,30.9,856.65,23.25,4,Urea,120.28,Before sowing
Soybean,Gujarat,Silty,5.92,110.64,51.94,122.54,1.2,37.26,613.2,30.61,7,Urea,95.56,Before sowing
Sugarcane,Maharashtra,Peaty,6.45,138.49,30.12,123.67,1.71,30.02,1038.95,25.15,6,Compost,92.33,Before sowing
Tomato,Maharashtra,Peaty,7.33,161.83,63.85,111.17,1.48,37.48,881.55,18.8,18,Urea,164.55,Mid growth
Millet,Maharashtra,Clay,7.23,146.69,25.93,113.12,1.38,24.57,527.58,20.74,9,DAP,169.69,Before sowing
Rice,Gujarat,Peaty,6.99,159.29,41.58,131.92,1.68,22.95,1454.88,31.53,11,Compost,118.99,Pre-harvest
Groundnut,Tamil Nadu,Peaty,6.21,124.2,37.5,140.21,1.45,27.15,525.79,28.61,7,DAP,183.23,Before sowing
Potato,Andhra Pradesh,Clay,6.37,130.48,51.48,130.15,1.7,21.85,924.3,21.34,11,Compost,153.62,Before sowing
Maize,Gujarat,Peaty,7.42,159.94,41.83,127.05,1.37,21.11,690.11,28.3,16,DAP,127.54,Pre-harvest
Wheat,Tamil Nadu,Sandy,6.42,129.4,30.17,93.73,0.85,26.61,590.27,24.1,4,Potash,118.0,Pre-harvest
Groundnut,Maharashtra,Clay,5.86,138.26,44.33,108.22,1.55,23.63,622.64,29.44,14,Compost,102.5,Before sowing
Sugarcane,Tamil Nadu,Sandy,6.41,148.4,54.42,113.42,1.74,28.24,1448.1,28.47,16,Compost,80.44,Before sowing
Maize,Andhra Pradesh,Loamy,6.17,135.51,26.18,113.37,0.93,20.21,622.6,20.57,10,DAP,109.36,Pre-harvest
Tomato,Maharashtra,Silty,6.33,167.81,49.27,131.49,1.35,20.04,898.38,21.53,5,Potash,97.51,Mid growth
Maize,Andhra Pradesh,Loamy,6.28,123.96,49.31,82.3,1.31,20.68,513.2,20.1,7,Potash,86.22,Pre-harvest
Maize,Gujarat,Clay,6.04,134.3,43.59,119.13,1.16,21.27,404.74,27.14,15,Urea,151.56,After sowing
Wheat,Andhra Pradesh,Clay,6.59,153.76,31.26,91.27,0.98,29.95,446.95,23.24,16,Potash,199.25,Mid growth
Rice,Maharashtra,Clay,6.9,150.29,30.2,128.63,1.54,29.39,800.81,25.62,14,Compost,125.54,Mid growth
Wheat,Tamil Nadu,Clay,5.88,129.72,48.45,137.97,1.22,24.39,554.13,21.43,10,DAP,153.72,Mid growth
